# number of points    = 109
# number of variables = 19
# vely
# dens
# temp
# pres
# hydrogen-1
# helium-3
# helium-4
# beryllium-7
# boron-8
# carbon-12
# carbon-13
# nitrogen-13
# nitrogen-14
# nitrogen-15
# oxygen-14
# oxygen-15
# oxygen-16
# oxygen-17
# fluorine-17
    4.534482E+08,  6.500672E+00,  1.744451E+04,  1.942768E+07,  4.195655E+19,  0.000000E+00,  0.000000E+00,  0.000000E+00,  0.000000E+00,  0.000000E+00,  5.000000E-01,  0.000000E+00,  0.000000E+00,  0.000000E+00,  0.000000E+00,  0.000000E+00,  0.000000E+00,  5.000000E-01,  0.000000E+00,  0.000000E+00
    4.535524E+08,  6.642954E+00,  1.707858E+04,  1.946085E+07,  4.063752E+19,  0.000000E+00,  0.000000E+00,  0.000000E+00,  0.000000E+00,  0.000000E+00,  5.000000E-01,  0.000000E+00,  0.000000E+00,  0.000000E+00,  0.000000E+00,  0.000000E+00,  0.000000E+00,  5.000000E-01,  0.000000E+00,  0.000000E+00
    4.536589E+08,  6.793097E+00,  1.670745E+04,  1.950074E+07,  3.931968E+19,  0.000000E+00,  0.000000E+00,  0.000000E+00,  0.000000E+00,  0.000000E+00,  5.000000E-01,  0.000000E+00,  0.000000E+00,  0.000000E+00,  0.000000E+00,  0.000000E+00,  0.000000E+00,  5.000000E-01,  0.000000E+00,  0.000000E+00
    4.537678E+08,  6.951835E+00,  1.633085E+04,  1.954858E+07,  3.800309E+19,  0.000000E+00,  0.000000E+00,  0.000000E+00,  0.000000E+00,  0.000000E+00,  5.000000E-01,  0.000000E+00,  0.000000E+00,  0.000000E+00,  0.000000E+00,  0.000000E+00,  0.000000E+00,  5.000000E-01,  0.000000E+00,  0.000000E+00
    4.538792E+08,  7.120002E+00,  1.594843E+04,  1.960480E+07,  3.668775E+19,  0.000000E+00,  0.000000E+00,  0.000000E+00,  0.000000E+00,  0.000000E+00,  5.000000E-01,  0.000000E+00,  0.000000E+00,  0.000000E+00,  0.000000E+00,  0.000000E+00,  0.000000E+00,  5.000000E-01,  0.000000E+00,  0.000000E+00
    4.539934E+08,  7.298551E+00,  1.555973E+04,  1.967072E+07,  3.537371E+19,  0.000000E+00,  0.000000E+00,  0.000000E+00,  0.000000E+00,  0.000000E+00,  5.000000E-01,  0.000000E+00,  0.000000E+00,  0.000000E+00,  0.000000E+00,  0.000000E+00,  0.000000E+00,  5.000000E-01,  0.000000E+00,  0.000000E+00
    4.541105E+08,  7.488576E+00,  1.516424E+04,  1.974811E+07,  3.406098E+19,  0.000000E+00,  0.000000E+00,  0.000000E+00,  0.000000E+00,  0.000000E+00,  5.000000E-01,  0.000000E+00,  0.000000E+00,  0.000000E+00,  0.000000E+00,  0.000000E+00,  0.000000E+00,  5.000000E-01,  0.000000E+00,  0.000000E+00
    4.542315E+08,  7.692704E+00,  1.476010E+04,  1.983959E+07,  3.274533E+19,  0.000000E+00,  0.000000E+00,  0.000000E+00,  0.000000E+00,  0.000000E+00,  5.000000E-01,  0.000000E+00,  0.000000E+00,  0.000000E+00,  0.000000E+00,  0.000000E+00,  0.000000E+00,  5.000000E-01,  0.000000E+00,  0.000000E+00
    4.543558E+08,  7.910869E+00,  1.434696E+04,  1.994847E+07,  3.142786E+19,  0.000000E+00,  0.000000E+00,  0.000000E+00,  0.000000E+00,  0.000000E+00,  5.000000E-01,  0.000000E+00,  0.000000E+00,  0.000000E+00,  0.000000E+00,  0.000000E+00,  0.000000E+00,  5.000000E-01,  0.000000E+00,  0.000000E+00
    4.544834E+08,  8.144682E+00,  1.392577E+04,  2.007830E+07,  3.011408E+19,  0.000000E+00,  0.000000E+00,  0.000000E+00,  0.000000E+00,  0.000000E+00,  5.000000E-01,  0.000000E+00,  0.000000E+00,  0.000000E+00,  0.000000E+00,  0.000000E+00,  0.000000E+00,  5.000000E-01,  0.000000E+00,  0.000000E+00
    4.546150E+08,  8.396416E+00,  1.349541E+04,  2.023432E+07,  2.880340E+19,  0.000000E+00,  0.000000E+00,  0.000000E+00,  0.000000E+00,  0.000000E+00,  5.000000E-01,  0.000000E+00,  0.000000E+00,  0.000000E+00,  0.000000E+00,  0.000000E+00,  0.000000E+00,  5.000000E-01,  0.000000E+00,  0.000000E+00
    4.547510E+08,  8.668558E+00,  1.305441E+04,  2.042380E+07,  2.749482E+19,  0.000000E+00,  0.000000E+00,  0.000000E+00,  0.000000E+00,  0.000000E+00,  5.000000E-01,  0.000000E+00,  0.000000E+00,  0.000000E+00,  0.000000E+00,  0.000000E+00,  0.000000E+00,  5.000000E-01,  0.000000E+00,  0.000000E+00
    4.548917E+08,  8.964060E+00,  1.260114E+04,  2.065710E+07,  2.618811E+19,  0.000000E+00,  0.000000E+00,  0.000000E+00,  0.000000E+00,  0.000000E+00,  5.000000E-01,  0.000000E+00,  0.000000E+00,  0.000000E+00,  0.000000E+00,  0.000000E+00,  0.000000E+00,  5.000000E-01,  0.000000E+00,  0.000000E+00
    4.550381E+08,  9.287404E+00,  1.213284E+04,  2.094811E+07,  2.488144E+19,  0.000000E+00,  0.000000E+00,  0.000000E+00,  0.000000E+00,  0.000000E+00,  5.000000E-01,  0.000000E+00,  0.000000E+00,  0.000000E+00,  0.000000E+00,  0.000000E+00,  0.000000E+00,  5.000000E-01,  0.000000E+00,  0.000000E+00
    4.551516E+08,  9.549986E+00,  1.170759E+04,  2.127366E+07,  2.373887E+19,  0.000000E+00,  0.000000E+00,  0.000000E+00,  0.000000E+00,  0.000000E+00,  5.000000E-01,  0.000000E+00,  0.000000E+00,  0.000000E+00,  0.000000E+00,  0.000000E+00,  0.000000E+00,  5.000000E-01,  0.000000E+00,  0.000000E+00
    4.553088E+08,  9.931493E+00,  1.126602E+04,  2.168217E+07,  2.259895E+19,  0.000000E+00,  0.000000E+00,  0.000000E+00,  0.000000E+00,  0.000000E+00,  5.000000E-01,  0.000000E+00,  0.000000E+00,  0.000000E+00,  0.000000E+00,  0.000000E+00,  0.000000E+00,  5.000000E-01,  0.000000E+00,  0.000000E+00
    4.554738E+08,  1.035586E+01,  1.072447E+04,  2.238198E+07,  2.129826E+19,  0.000000E+00,  0.000000E+00,  0.000000E+00,  0.000000E+00,  0.000000E+00,  5.000000E-01,  0.000000E+00,  0.000000E+00,  0.000000E+00,  0.000000E+00,  0.000000E+00,  0.000000E+00,  5.000000E-01,  0.000000E+00,  0.000000E+00
    4.556486E+08,  1.083429E+01,  1.011069E+04,  2.359078E+07,  1.999979E+19,  0.000000E+00,  0.000000E+00,  0.000000E+00,  0.000000E+00,  0.000000E+00,  5.000000E-01,  0.000000E+00,  0.000000E+00,  0.000000E+00,  0.000000E+00,  0.000000E+00,  0.000000E+00,  5.000000E-01,  0.000000E+00,  0.000000E+00
    4.558372E+08,  1.138589E+01,  9.360778E+03,  2.583553E+07,  1.870348E+19,  0.000000E+00,  0.000000E+00,  0.000000E+00,  0.000000E+00,  0.000000E+00,  5.000000E-01,  0.000000E+00,  0.000000E+00,  0.000000E+00,  0.000000E+00,  0.000000E+00,  0.000000E+00,  5.000000E-01,  0.000000E+00,  0.000000E+00
    4.560531E+08,  1.209891E+01,  8.200012E+03,  3.149699E+07,  1.740720E+19,  0.000000E+00,  0.000000E+00,  0.000000E+00,  0.000000E+00,  0.000000E+00,  5.000000E-01,  0.000000E+00,  0.000000E+00,  0.000000E+00,  0.000000E+00,  0.000000E+00,  0.000000E+00,  5.000000E-01,  0.000000E+00,  0.000000E+00
    4.562690E+08,  2.271643E+01,  1.321879E+03,  9.147973E+07,  1.665435E+19,  6.965605E-01,  5.120760E-07,  2.825615E-01,  5.725811E-09,  1.695754E-09,  4.717281E-04,  5.233380E-05,  1.173628E-03,  1.238237E-02,  2.903091E-07,  8.723873E-05,  7.908175E-04,  5.767963E-03,  1.298808E-04,  2.122461E-05
    4.564863E+08,  3.340764E+01,  1.311741E+03,  9.103817E+07,  1.644560E+19,  6.965866E-01,  5.257783E-07,  2.825353E-01,  5.823337E-09,  1.655037E-09,  4.718806E-04,  5.337593E-05,  1.133737E-03,  1.246920E-02,  2.920673E-07,  7.943790E-05,  7.486148E-04,  5.774744E-03,  1.264387E-04,  1.991441E-05
    4.567052E+08,  4.417384E+01,  1.301573E+03,  9.059385E+07,  1.623725E+19,  6.966123E-01,  5.398244E-07,  2.825095E-01,  5.921635E-09,  1.614181E-09,  4.734631E-04,  5.450318E-05,  1.097586E-03,  1.254454E-02,  2.952725E-07,  7.249348E-05,  7.115662E-04,  5.781174E-03,  1.232884E-04,  1.871637E-05
    4.569256E+08,  5.501637E+01,  1.291375E+03,  9.014674E+07,  1.602930E+19,  6.966358E-01,  5.542092E-07,  2.824854E-01,  6.020477E-09,  1.573172E-09,  4.725426E-04,  5.544554E-05,  1.055337E-03,  1.263343E-02,  2.963219E-07,  6.557395E-05,  6.708645E-04,  5.787324E-03,  1.198671E-04,  1.751815E-05
    4.571475E+08,  6.593664E+01,  1.281147E+03,  8.969678E+07,  1.582174E+19,  6.966592E-01,  5.689265E-07,  2.824620E-01,  6.119570E-09,  1.531985E-09,  4.738713E-04,  5.669518E-05,  1.019315E-03,  1.270752E-02,  2.985682E-07,  5.958823E-05,  6.345307E-04,  5.793135E-03,  1.168668E-04,  1.640867E-05
    4.573709E+08,  7.693614E+01,  1.270887E+03,  8.924391E+07,  1.561459E+19,  6.966820E-01,  5.839685E-07,  2.824391E-01,  6.218463E-09,  1.490558E-09,  4.756914E-04,  5.791614E-05,  9.854628E-04,  1.277467E-02,  3.019882E-07,  5.420141E-05,  6.019616E-04,  5.798643E-03,  1.140433E-04,  1.538736E-05
    4.575960E+08,  8.801641E+01,  1.260596E+03,  8.878809E+07,  1.540784E+19,  6.967026E-01,  5.993259E-07,  2.824181E-01,  6.316068E-09,  1.448666E-09,  4.757981E-04,  5.919401E-05,  9.458574E-04,  1.285466E-02,  3.023426E-07,  4.880073E-05,  5.647982E-04,  5.803897E-03,  1.110186E-04,  1.434769E-05
    4.578227E+08,  9.917899E+01,  1.250272E+03,  8.832926E+07,  1.520150E+19,  6.967237E-01,  6.149875E-07,  2.823970E-01,  6.405277E-09,  1.404433E-09,  4.779623E-04,  6.048058E-05,  9.143735E-04,  1.291486E-02,  3.062336E-07,  4.433685E-05,  5.356398E-04,  5.808842E-03,  1.084481E-04,  1.344053E-05
    4.580511E+08,  1.104255E+02,  1.239915E+03,  8.786736E+07,  1.499557E+19,  6.967425E-01,  6.268702E-07,  2.823779E-01,  6.432740E-09,  1.345349E-09,  4.788463E-04,  6.204580E-05,  8.760781E-04,  1.298922E-02,  3.061748E-07,  3.976569E-05,  5.010093E-04,  5.813556E-03,  1.056684E-04,  1.250205E-05
    4.582812E+08,  1.217575E+02,  1.229524E+03,  8.740234E+07,  1.479005E+19,  6.967618E-01,  6.364517E-07,  2.823586E-01,  6.462802E-09,  1.291183E-09,  4.814297E-04,  6.352147E-05,  8.465156E-04,  1.304401E-02,  3.099789E-07,  3.605628E-05,  4.740840E-04,  5.817984E-03,  1.033294E-04,  1.168604E-05
    4.585130E+08,  1.331767E+02,  1.219099E+03,  8.693414E+07,  1.458494E+19,  6.967796E-01,  6.460108E-07,  2.823406E-01,  6.490397E-09,  1.237908E-09,  4.832441E-04,  6.506092E-05,  8.133661E-04,  1.310510E-02,  3.120283E-07,  3.242875E-05,  4.456169E-04,  5.822186E-03,  1.009177E-04,  1.088645E-05
    4.587466E+08,  1.446849E+02,  1.208639E+03,  8.646268E+07,  1.438025E+19,  6.967964E-01,  6.555334E-07,  2.823238E-01,  6.515372E-09,  1.185554E-09,  4.858843E-04,  6.717411E-05,  7.797580E-04,  1.316548E-02,  3.126867E-07,  2.904471E-05,  4.165958E-04,  5.826157E-03,  9.860042E-05,  1.010688E-05
    4.589820E+08,  1.562837E+02,  1.198144E+03,  8.598792E+07,  1.417597E+19,  6.968132E-01,  6.650053E-07,  2.823070E-01,  6.537582E-09,  1.134154E-09,  4.886845E-04,  6.879671E-05,  7.521183E-04,  1.321402E-02,  3.165522E-07,  2.622349E-05,  3.930501E-04,  5.829890E-03,  9.654747E-05,  9.419338E-06
    4.592193E+08,  1.679752E+02,  1.187612E+03,  8.550978E+07,  1.397211E+19,  6.968285E-01,  6.744122E-07,  2.822919E-01,  6.556885E-09,  1.083742E-09,  4.919516E-04,  7.133136E-05,  7.194040E-04,  1.326968E-02,  3.169077E-07,  2.338291E-05,  3.663573E-04,  5.833424E-03,  9.443334E-05,  8.724331E-06
    4.594584E+08,  1.797612E+02,  1.177043E+03,  8.502818E+07,  1.376867E+19,  6.968437E-01,  6.837398E-07,  2.822767E-01,  6.573149E-09,  1.034351E-09,  4.950599E-04,  7.317080E-05,  6.927300E-04,  1.331455E-02,  3.205597E-07,  2.103260E-05,  3.446577E-04,  5.836741E-03,  9.256140E-05,  8.110892E-06
    4.596994E+08,  1.916437E+02,  1.166436E+03,  8.454307E+07,  1.356565E+19,  6.968574E-01,  6.929738E-07,  2.822633E-01,  6.586245E-09,  9.860130E-10,  4.996150E-04,  7.681029E-05,  6.598673E-04,  1.336615E-02,  3.196340E-07,  1.862133E-05,  3.192901E-04,  5.839876E-03,  9.063823E-05,  7.481648E-06
    4.599424E+08,  2.036250E+02,  1.155790E+03,  8.405437E+07,  1.336306E+19,  6.968713E-01,  7.020999E-07,  2.822495E-01,  6.596056E-09,  9.387626E-10,  5.032698E-04,  7.898953E-05,  6.352347E-04,  1.340534E-02,  3.234562E-07,  1.671754E-05,  2.998614E-04,  5.842809E-03,  8.897988E-05,  6.941045E-06
    4.601874E+08,  2.157072E+02,  1.145105E+03,  8.356199E+07,  1.316090E+19,  6.968843E-01,  7.111044E-07,  2.822367E-01,  6.602474E-09,  8.926309E-10,  5.072948E-04,  8.159729E-05,  6.095066E-04,  1.344479E-02,  3.263361E-07,  1.492865E-05,  2.804462E-04,  5.845567E-03,  8.736959E-05,  6.423744E-06
    4.604345E+08,  2.278928E+02,  1.134380E+03,  8.306587E+07,  1.295917E+19,  6.968965E-01,  7.199737E-07,  2.822250E-01,  6.605399E-09,  8.476487E-10,  5.127270E-04,  8.589632E-05,  5.816239E-04,  1.348397E-02,  3.268709E-07,  1.322296E-05,  2.601022E-04,  5.848159E-03,  8.581756E-05,  5.916375E-06
    4.606837E+08,  2.401842E+02,  1.123613E+03,  8.256591E+07,  1.275787E+19,  6.969083E-01,  7.286948E-07,  2.822136E-01,  6.604743E-09,  8.038449E-10,  5.174427E-04,  8.919544E-05,  5.569507E-04,  1.351883E-02,  3.294999E-07,  1.175721E-05,  2.424814E-04,  5.850585E-03,  8.438666E-05,  5.460540E-06
    4.609350E+08,  2.525838E+02,  1.112805E+03,  8.206203E+07,  1.255701E+19,  6.969195E-01,  7.372550E-07,  2.822030E-01,  6.600430E-09,  7.612470E-10,  5.232371E-04,  9.399186E-05,  5.318274E-04,  1.355122E-02,  3.308177E-07,  1.040928E-05,  2.248743E-04,  5.852858E-03,  8.304248E-05,  5.021315E-06
    4.611885E+08,  2.650941E+02,  1.101955E+03,  8.155414E+07,  1.235658E+19,  6.969302E-01,  7.456423E-07,  2.821927E-01,  6.592395E-09,  7.198802E-10,  5.284708E-04,  9.793669E-05,  5.089676E-04,  1.358077E-02,  3.336382E-07,  9.233038E-06,  2.092167E-04,  5.854982E-03,  8.179340E-05,  4.622791E-06
    4.614443E+08,  2.777178E+02,  1.091060E+03,  8.104216E+07,  1.215659E+19,  6.969403E-01,  7.538454E-07,  2.821835E-01,  6.580586E-09,  6.797672E-10,  5.356300E-04,  1.050752E-04,  4.832750E-04,  1.360860E-02,  3.333630E-07,  8.107489E-06,  1.925972E-04,  5.856971E-03,  8.059981E-05,  4.229761E-06
    4.617023E+08,  2.904576E+02,  1.080121E+03,  8.052598E+07,  1.195705E+19,  6.969500E-01,  7.618538E-07,  2.821743E-01,  6.564963E-09,  6.409285E-10,  5.408766E-04,  1.090834E-04,  4.630350E-04,  1.363292E-02,  3.371523E-07,  7.188324E-06,  1.792131E-04,  5.858821E-03,  7.952419E-05,  3.888555E-06
    4.619627E+08,  3.033161E+02,  1.069137E+03,  8.000550E+07,  1.175795E+19,  6.969593E-01,  7.696574E-07,  2.821661E-01,  6.545500E-09,  6.033818E-10,  5.482261E-04,  1.170649E-04,  4.394896E-04,  1.365506E-02,  3.374289E-07,  6.303141E-06,  1.647949E-04,  5.860550E-03,  7.849637E-05,  3.550518E-06
    4.622256E+08,  3.162963E+02,  1.058105E+03,  7.948062E+07,  1.155930E+19,  6.969681E-01,  7.772474E-07,  2.821580E-01,  6.522183E-09,  5.671421E-10,  5.540485E-04,  1.222593E-04,  4.201350E-04,  1.367508E-02,  3.409652E-07,  5.562936E-06,  1.527748E-04,  5.862157E-03,  7.756246E-05,  3.253228E-06
    4.624909E+08,  3.294011E+02,  1.047026E+03,  7.895124E+07,  1.136110E+19,  6.969765E-01,  7.846155E-07,  2.821507E-01,  6.495015E-09,  5.322213E-10,  5.617453E-04,  1.317375E-04,  3.982087E-04,  1.369170E-02,  3.412625E-07,  4.869586E-06,  1.400807E-04,  5.863653E-03,  7.668335E-05,  2.960690E-06
    4.627587E+08,  3.426337E+02,  1.035898E+03,  7.841723E+07,  1.116336E+19,  6.969845E-01,  7.917545E-07,  2.821436E-01,  6.464009E-09,  4.986277E-10,  5.677513E-04,  1.377151E-04,  3.804987E-04,  1.370736E-02,  3.451265E-07,  4.287739E-06,  1.295786E-04,  5.865041E-03,  7.588596E-05,  2.705112E-06
    4.630292E+08,  3.559973E+02,  1.024720E+03,  7.787849E+07,  1.096607E+19,  6.969922E-01,  7.986581E-07,  2.821373E-01,  6.429195E-09,  4.663667E-10,  5.759988E-04,  1.496084E-04,  3.592883E-04,  1.371860E-02,  3.448421E-07,  3.745809E-06,  1.182412E-04,  5.866331E-03,  7.513330E-05,  2.451624E-06
    4.633023E+08,  3.694953E+02,  1.013491E+03,  7.733488E+07,  1.076925E+19,  6.969993E-01,  8.053212E-07,  2.821309E-01,  6.390616E-09,  4.354400E-10,  5.816960E-04,  1.553533E-04,  3.438549E-04,  1.373079E-02,  3.499053E-07,  3.293501E-06,  1.093840E-04,  5.867522E-03,  7.446014E-05,  2.236344E-06
    4.635782E+08,  3.831312E+02,  1.002210E+03,  7.678629E+07,  1.057288E+19,  6.970063E-01,  8.117393E-07,  2.821253E-01,  6.348327E-09,  4.058458E-10,  5.891834E-04,  1.664406E-04,  3.255772E-04,  1.373863E-02,  3.516827E-07,  2.881540E-06,  1.000655E-04,  5.868627E-03,  7.382717E-05,  2.026696E-06
    4.638569E+08,  3.969088E+02,  9.908742E+02,  7.623257E+07,  1.037699E+19,  6.970128E-01,  8.179092E-07,  2.821199E-01,  6.302401E-09,  3.775790E-10,  5.956244E-04,  1.751944E-04,  3.102653E-04,  1.374587E-02,  3.555372E-07,  2.532021E-06,  9.191245E-05,  5.869646E-03,  7.326006E-05,  1.837637E-06
    4.641385E+08,  4.108321E+02,  9.794833E+02,  7.567358E+07,  1.018156E+19,  6.970190E-01,  8.238287E-07,  2.821148E-01,  6.252922E-09,  3.506308E-10,  6.019499E-04,  1.839076E-04,  2.956762E-04,  1.375188E-02,  3.600377E-07,  2.216715E-06,  8.440989E-05,  5.870586E-03,  7.273930E-05,  1.664924E-06
    4.644231E+08,  4.249052E+02,  9.680355E+02,  7.510918E+07,  9.986614E+18,  6.970248E-01,  8.294964E-07,  2.821101E-01,  6.199988E-09,  3.249893E-10,  6.080964E-04,  1.924469E-04,  2.820726E-04,  1.375668E-02,  3.650294E-07,  1.936264E-06,  7.746417E-05,  5.871452E-03,  7.226681E-05,  1.505757E-06
    4.647108E+08,  4.391324E+02,  9.565293E+02,  7.453920E+07,  9.792141E+18,  6.970302E-01,  8.349123E-07,  2.821057E-01,  6.143712E-09,  3.006386E-10,  6.141040E-04,  2.008590E-04,  2.693440E-04,  1.376038E-02,  3.703032E-07,  1.685510E-06,  7.099022E-05,  5.872249E-03,  7.183942E-05,  1.358582E-06
    4.650016E+08,  4.535180E+02,  9.449633E+02,  7.396350E+07,  9.598148E+18,  6.970355E-01,  8.400768E-07,  2.821017E-01,  6.084219E-09,  2.775603E-10,  6.203498E-04,  2.109189E-04,  2.565470E-04,  1.376178E-02,  3.752209E-07,  1.468963E-06,  6.484958E-05,  5.872981E-03,  7.144970E-05,  1.222602E-06
    4.652957E+08,  4.680670E+02,  9.333357E+02,  7.338190E+07,  9.404640E+18,  6.970405E-01,  8.449915E-07,  2.820980E-01,  6.021653E-09,  2.557332E-10,  6.264945E-04,  2.213406E-04,  2.443545E-04,  1.376183E-02,  3.804118E-07,  1.278605E-06,  5.914595E-05,  5.873653E-03,  7.109778E-05,  1.097782E-06
    4.655931E+08,  4.827845E+02,  9.216450E+02,  7.279423E+07,  9.211621E+18,  6.970452E-01,  8.496587E-07,  2.820946E-01,  5.956171E-09,  2.351331E-10,  6.324805E-04,  2.318593E-04,  2.328559E-04,  1.376083E-02,  3.858710E-07,  1.109920E-06,  5.385161E-05,  5.874268E-03,  7.078165E-05,  9.831971E-07
    4.658940E+08,  4.976760E+02,  9.098893E+02,  7.220030E+07,  9.019095E+18,  6.970496E-01,  8.540817E-07,  2.820914E-01,  5.887943E-09,  2.157330E-10,  6.383691E-04,  2.430253E-04,  2.217876E-04,  1.375837E-02,  3.918150E-07,  9.659295E-07,  4.896833E-05,  5.874830E-03,  7.049680E-05,  8.789118E-07
    4.661984E+08,  5.127469E+02,  8.980671E+02,  7.159994E+07,  8.827065E+18,  6.970538E-01,  8.582644E-07,  2.820885E-01,  5.817160E-09,  1.975031E-10,  6.440159E-04,  2.539057E-04,  2.114986E-04,  1.375534E-02,  3.979682E-07,  8.371164E-07,  4.443357E-05,  5.875344E-03,  7.024335E-05,  7.832876E-07
    4.665066E+08,  5.280029E+02,  8.861768E+02,  7.099294E+07,  8.635537E+18,  6.970577E-01,  8.622116E-07,  2.820859E-01,  5.744025E-09,  1.804115E-10,  6.494837E-04,  2.650334E-04,  2.017304E-04,  1.375134E-02,  4.047406E-07,  7.263054E-07,  4.026883E-05,  5.875812E-03,  7.001686E-05,  6.965118E-07
    4.668185E+08,  5.434499E+02,  8.742161E+02,  7.037910E+07,  8.444514E+18,  6.970615E-01,  8.659288E-07,  2.820834E-01,  5.668764E-09,  1.644242E-10,  6.547098E-04,  2.763503E-04,  1.925012E-04,  1.374643E-02,  4.130289E-07,  6.356960E-07,  3.652094E-05,  5.876237E-03,  6.981409E-05,  6.189196E-07
    4.671343E+08,  5.590946E+02,  8.621828E+02,  6.975817E+07,  8.254001E+18,  6.970650E-01,  8.694218E-07,  2.820812E-01,  5.591621E-09,  1.495053E-10,  6.596693E-04,  2.873646E-04,  1.839222E-04,  1.374116E-02,  4.222575E-07,  5.570251E-07,  3.309009E-05,  5.876624E-03,  6.963462E-05,  5.487701E-07
    4.674542E+08,  5.749436E+02,  8.500745E+02,  6.912991E+07,  8.064003E+18,  6.970682E-01,  8.726971E-07,  2.820791E-01,  5.512863E-09,  1.356173E-10,  6.644132E-04,  2.980408E-04,  1.759305E-04,  1.373567E-02,  4.315200E-07,  4.838160E-07,  2.988285E-05,  5.876975E-03,  6.947744E-05,  4.843275E-07
    4.677784E+08,  5.910041E+02,  8.378888E+02,  6.849408E+07,  7.874524E+18,  6.970713E-01,  8.757620E-07,  2.820772E-01,  5.432783E-09,  1.227212E-10,  6.689441E-04,  3.084494E-04,  1.684493E-04,  1.372997E-02,  4.407661E-07,  4.171639E-07,  2.689115E-05,  5.877293E-03,  6.933998E-05,  4.255057E-07
    4.681068E+08,  6.072836E+02,  8.256232E+02,  6.785040E+07,  7.685570E+18,  6.970741E-01,  8.786237E-07,  2.820755E-01,  5.351700E-09,  1.107769E-10,  6.732084E-04,  3.186041E-04,  1.614835E-04,  1.372402E-02,  4.515640E-07,  3.610273E-07,  2.419287E-05,  5.877580E-03,  6.921894E-05,  3.730070E-07
    4.684398E+08,  6.237899E+02,  8.132752E+02,  6.719859E+07,  7.497145E+18,  6.970768E-01,  8.812899E-07,  2.820740E-01,  5.269968E-09,  9.974370E-11,  6.772001E-04,  3.283874E-04,  1.550350E-04,  1.371797E-02,  4.641794E-07,  3.134781E-07,  2.176320E-05,  5.877840E-03,  6.911278E-05,  3.262076E-07
    4.687775E+08,  6.405313E+02,  8.008419E+02,  6.653836E+07,  7.309256E+18,  6.970792E-01,  8.837688E-07,  2.820725E-01,  5.187976E-09,  8.957990E-11,  6.809142E-04,  3.377192E-04,  1.490952E-04,  1.371195E-02,  4.790921E-07,  2.733686E-07,  1.958523E-05,  5.878074E-03,  6.901988E-05,  2.846498E-07
    4.691201E+08,  6.575167E+02,  7.883203E+02,  6.586939E+07,  7.121908E+18,  6.970815E-01,  8.860686E-07,  2.820712E-01,  5.106156E-09,  8.024346E-11,  6.843148E-04,  3.465090E-04,  1.436859E-04,  1.370604E-02,  4.982638E-07,  2.417816E-07,  1.768908E-05,  5.878285E-03,  6.893813E-05,  2.484574E-07
    4.694677E+08,  6.747556E+02,  7.757075E+02,  6.519135E+07,  6.935106E+18,  6.970835E-01,  8.881976E-07,  2.820700E-01,  5.024983E-09,  7.169197E-11,  6.874971E-04,  3.548187E-04,  1.386790E-04,  1.370033E-02,  5.190569E-07,  2.128202E-07,  1.593655E-05,  5.878475E-03,  6.886748E-05,  2.158971E-07
    4.698205E+08,  6.922582E+02,  7.630000E+02,  6.450386E+07,  6.748856E+18,  6.970855E-01,  8.901646E-07,  2.820689E-01,  4.944985E-09,  6.388289E-11,  6.904916E-04,  3.626727E-04,  1.340229E-04,  1.369486E-02,  5.404553E-07,  1.848005E-07,  1.428787E-05,  5.878646E-03,  6.880689E-05,  1.862495E-07
    4.701789E+08,  7.100356E+02,  7.501939E+02,  6.380654E+07,  6.563166E+18,  6.970872E-01,  8.919780E-07,  2.820679E-01,  4.866748E-09,  5.677381E-11,  6.931951E-04,  3.699151E-04,  1.298350E-04,  1.368967E-02,  5.681689E-07,  1.627033E-07,  1.286862E-05,  5.878800E-03,  6.875360E-05,  1.606763E-07
    4.705430E+08,  7.281004E+02,  7.372857E+02,  6.309897E+07,  6.378041E+18,  6.970888E-01,  8.936466E-07,  2.820670E-01,  4.790919E-09,  5.032242E-11,  6.955947E-04,  3.765142E-04,  1.261112E-04,  1.368480E-02,  6.056646E-07,  1.468922E-07,  1.168632E-05,  5.878938E-03,  6.870618E-05,  1.391438E-07
    4.709130E+08,  7.464654E+02,  7.242715E+02,  6.238073E+07,  6.193488E+18,  6.970903E-01,  8.951791E-07,  2.820662E-01,  4.718209E-09,  4.448667E-11,  6.978848E-04,  3.827429E-04,  1.225828E-04,  1.368025E-02,  6.425328E-07,  1.285584E-07,  1.050316E-05,  5.879063E-03,  6.866599E-05,  1.189586E-07
    4.712892E+08,  7.651438E+02,  7.111476E+02,  6.165137E+07,  6.009515E+18,  6.970917E-01,  8.965839E-07,  2.820654E-01,  4.649398E-09,  3.922510E-11,  6.998963E-04,  3.883391E-04,  1.194760E-04,  1.367604E-02,  6.924384E-07,  1.150595E-07,  9.522834E-06,  5.879175E-03,  6.862988E-05,  1.020206E-07
    4.716720E+08,  7.841499E+02,  6.979096E+02,  6.091039E+07,  5.826128E+18,  6.970929E-01,  8.978697E-07,  2.820647E-01,  4.585336E-09,  3.449688E-11,  7.016957E-04,  3.934249E-04,  1.166704E-04,  1.367219E-02,  7.545337E-07,  1.038793E-07,  8.663628E-06,  5.879276E-03,  6.859759E-05,  8.746653E-08
    4.720616E+08,  8.034988E+02,  6.845526E+02,  6.015724E+07,  5.643336E+18,  6.970940E-01,  8.990447E-07,  2.820641E-01,  4.526940E-09,  3.026200E-11,  7.033027E-04,  3.980162E-04,  1.141483E-04,  1.366869E-02,  8.315484E-07,  9.391691E-08,  7.902162E-06,  5.879367E-03,  6.856863E-05,  7.478540E-08
    4.724584E+08,  8.232074E+02,  6.710714E+02,  5.939134E+07,  5.461147E+18,  6.970950E-01,  9.001171E-07,  2.820635E-01,  4.475178E-09,  2.648133E-11,  7.047101E-04,  4.021359E-04,  1.118882E-04,  1.366554E-02,  9.307672E-07,  8.586132E-08,  7.244754E-06,  5.879450E-03,  6.854201E-05,  6.404559E-08
    4.728627E+08,  8.432939E+02,  6.574598E+02,  5.861203E+07,  5.279569E+18,  6.970959E-01,  9.010950E-07,  2.820629E-01,  4.431062E-09,  2.311681E-11,  7.058786E-04,  4.057339E-04,  1.099406E-04,  1.366272E-02,  1.069245E-06,  8.079916E-08,  6.728694E-06,  5.879525E-03,  6.851674E-05,  5.541526E-08
    4.732749E+08,  8.637781E+02,  6.437120E+02,  5.781864E+07,  5.098612E+18,  6.970968E-01,  9.019861E-07,  2.820624E-01,  4.395613E-09,  2.013153E-11,  7.069268E-04,  4.090138E-04,  1.081222E-04,  1.366021E-02,  1.240400E-06,  7.442144E-08,  6.218592E-06,  5.879595E-03,  6.849352E-05,  4.746880E-08
    4.736955E+08,  8.846809E+02,  6.298214E+02,  5.701042E+07,  4.918283E+18,  6.970975E-01,  9.027980E-07,  2.820619E-01,  4.369830E-09,  1.748998E-11,  7.077285E-04,  4.118414E-04,  1.065665E-04,  1.365800E-02,  1.490539E-06,  7.084467E-08,  5.832011E-06,  5.879658E-03,  6.847059E-05,  4.132268E-08
    4.741249E+08,  9.060255E+02,  6.157809E+02,  5.618656E+07,  4.738595E+18,  6.970983E-01,  9.035380E-07,  2.820613E-01,  4.354637E-09,  1.515828E-11,  7.082585E-04,  4.142468E-04,  1.052563E-04,  1.365608E-02,  1.869950E-06,  6.968684E-08,  5.557056E-06,  5.879717E-03,  6.844760E-05,  3.674660E-08
    4.745636E+08,  9.278374E+02,  6.015830E+02,  5.534618E+07,  4.559556E+18,  6.970989E-01,  9.042131E-07,  2.820608E-01,  4.350822E-09,  1.310433E-11,  7.086172E-04,  4.164408E-04,  1.040016E-04,  1.365441E-02,  2.401799E-06,  6.633931E-08,  5.251952E-06,  5.879772E-03,  6.842559E-05,  3.221966E-08
    4.750122E+08,  9.501462E+02,  5.872193E+02,  5.448832E+07,  4.381179E+18,  6.970995E-01,  9.048301E-07,  2.820602E-01,  4.358959E-09,  1.129801E-11,  7.086713E-04,  4.183800E-04,  1.028539E-04,  1.365299E-02,  3.210065E-06,  6.260819E-08,  4.966244E-06,  5.879823E-03,  6.840367E-05,  2.819271E-08
    4.754714E+08,  9.729837E+02,  5.726810E+02,  5.361191E+07,  4.203475E+18,  6.971002E-01,  9.053954E-07,  2.820595E-01,  4.379330E-09,  9.711300E-12,  7.082362E-04,  4.200505E-04,  1.018387E-04,  1.365179E-02,  4.503238E-06,  5.965666E-08,  4.729167E-06,  5.879872E-03,  6.838120E-05,  2.493929E-08
    4.759417E+08,  9.963836E+02,  5.579584E+02,  5.271579E+07,  4.026456E+18,  6.971008E-01,  9.059153E-07,  2.820586E-01,  4.411847E-09,  8.318628E-12,  7.070994E-04,  4.214858E-04,  1.009362E-04,  1.365079E-02,  6.563159E-06,  5.725394E-08,  4.531168E-06,  5.879918E-03,  6.835801E-05,  2.230798E-08
    4.764240E+08,  1.020383E+03,  5.430407E+02,  5.179867E+07,  3.850136E+18,  6.971014E-01,  9.063956E-07,  2.820574E-01,  4.455982E-09,  7.097065E-12,  7.049924E-04,  4.227123E-04,  1.001327E-04,  1.364997E-02,  9.737005E-06,  5.532713E-08,  4.367371E-06,  5.879962E-03,  6.833392E-05,  2.020505E-08
    4.769190E+08,  1.045025E+03,  5.279156E+02,  5.085910E+07,  3.674529E+18,  6.971022E-01,  9.068421E-07,  2.820558E-01,  4.510722E-09,  6.026425E-12,  7.016751E-04,  4.237585E-04,  9.941266E-05,  1.364930E-02,  1.433782E-05,  5.374766E-08,  4.231197E-06,  5.880004E-03,  6.830881E-05,  1.852799E-08
    4.774279E+08,  1.070355E+03,  5.125695E+02,  4.989545E+07,  3.499650E+18,  6.971030E-01,  9.072602E-07,  2.820538E-01,  4.574563E-09,  5.089267E-12,  6.970445E-04,  4.246488E-04,  9.876310E-05,  1.364879E-02,  2.050478E-05,  5.244744E-08,  4.118091E-06,  5.880045E-03,  6.828255E-05,  1.720064E-08
    4.779515E+08,  1.096428E+03,  4.969870E+02,  4.890587E+07,  3.325515E+18,  6.971039E-01,  9.076548E-07,  2.820515E-01,  4.645554E-09,  4.270759E-12,  6.912353E-04,  4.254052E-04,  9.817265E-05,  1.364839E-02,  2.807930E-05,  5.138111E-08,  4.024421E-06,  5.880084E-03,  6.825503E-05,  1.616100E-08
    4.784912E+08,  1.123304E+03,  4.811512E+02,  4.788833E+07,  3.152143E+18,  6.971048E-01,  9.080309E-07,  2.820489E-01,  4.721382E-09,  3.558495E-12,  6.846359E-04,  4.260483E-04,  9.763008E-05,  1.364811E-02,  3.658503E-05,  5.050190E-08,  3.946699E-06,  5.880123E-03,  6.822616E-05,  1.535331E-08
    4.790483E+08,  1.151055E+03,  4.650439E+02,  4.684053E+07,  2.979551E+18,  6.971058E-01,  9.083933E-07,  2.820462E-01,  4.799514E-09,  2.942120E-12,  6.777974E-04,  4.265961E-04,  9.712558E-05,  1.364792E-02,  4.534094E-05,  4.978430E-08,  3.882350E-06,  5.880163E-03,  6.819583E-05,  1.473448E-08
    4.796244E+08,  1.179759E+03,  4.486447E+02,  4.575982E+07,  2.807762E+18,  6.971067E-01,  9.087462E-07,  2.820437E-01,  4.877372E-09,  2.412833E-12,  6.712845E-04,  4.270663E-04,  9.664853E-05,  1.364781E-02,  5.364954E-05,  4.917928E-08,  3.828176E-06,  5.880203E-03,  6.816394E-05,  1.425969E-08
    4.802213E+08,  1.209509E+03,  4.319286E+02,  4.464313E+07,  2.636796E+18,  6.971076E-01,  9.090941E-07,  2.820414E-01,  4.952514E-09,  1.962924E-12,  6.655389E-04,  4.274745E-04,  9.618956E-05,  1.364778E-02,  6.096637E-05,  4.865257E-08,  3.781654E-06,  5.880246E-03,  6.813039E-05,  1.389369E-08
    4.808412E+08,  1.240409E+03,  4.148675E+02,  4.348690E+07,  2.466679E+18,  6.971083E-01,  9.094412E-07,  2.820394E-01,  5.022802E-09,  1.585360E-12,  6.608108E-04,  4.278345E-04,  9.574034E-05,  1.364780E-02,  6.698480E-05,  4.817909E-08,  3.740746E-06,  5.880292E-03,  6.809505E-05,  1.360846E-08
    4.814866E+08,  1.272585E+03,  3.974290E+02,  4.228692E+07,  2.297438E+18,  6.971090E-01,  9.097914E-07,  2.820378E-01,  5.086532E-09,  1.273415E-12,  6.571625E-04,  4.281583E-04,  9.529337E-05,  1.364787E-02,  7.163265E-05,  4.773978E-08,  3.703782E-06,  5.880341E-03,  6.805777E-05,  1.338176E-08
    4.821605E+08,  1.306191E+03,  3.795737E+02,  4.103826E+07,  2.129103E+18,  6.971096E-01,  9.101490E-07,  2.820365E-01,  5.142515E-09,  1.020404E-12,  6.545154E-04,  4.284566E-04,  9.484174E-05,  1.364799E-02,  7.501288E-05,  4.731960E-08,  3.669372E-06,  5.880394E-03,  6.801836E-05,  1.319597E-08
    4.828666E+08,  1.341410E+03,  3.612590E+02,  3.973506E+07,  1.961708E+18,  6.971102E-01,  9.105182E-07,  2.820355E-01,  5.190111E-09,  8.195428E-13,  6.527114E-04,  4.287389E-04,  9.437892E-05,  1.364815E-02,  7.732732E-05,  4.690631E-08,  3.636349E-06,  5.880450E-03,  6.797656E-05,  1.303723E-08
    4.836092E+08,  1.378463E+03,  3.424311E+02,  3.837012E+07,  1.795290E+18,  6.971108E-01,  9.109036E-07,  2.820346E-01,  5.229201E-09,  6.639582E-13,  6.515655E-04,  4.290136E-04,  9.389852E-05,  1.364833E-02,  7.881081E-05,  4.648964E-08,  3.603723E-06,  5.880510E-03,  6.793207E-05,  1.289474E-08
    4.843940E+08,  1.417624E+03,  3.230228E+02,  3.693454E+07,  1.629893E+18,  6.971113E-01,  9.113100E-07,  2.820339E-01,  5.260120E-09,  5.467787E-13,  6.509013E-04,  4.292881E-04,  9.339395E-05,  1.364855E-02,  7.968662E-05,  4.606051E-08,  3.570631E-06,  5.880575E-03,  6.788450E-05,  1.276014E-08
    4.852280E+08,  1.459252E+03,  3.029530E+02,  3.541716E+07,  1.465567E+18,  6.971118E-01,  9.117432E-07,  2.820333E-01,  5.283565E-09,  4.612960E-13,  6.505704E-04,  4.295696E-04,  9.285792E-05,  1.364880E-02,  8.014289E-05,  4.561044E-08,  3.536287E-06,  5.880646E-03,  6.783333E-05,  1.262685E-08
    4.861203E+08,  1.503808E+03,  2.821206E+02,  3.380369E+07,  1.302368E+18,  6.971123E-01,  9.122098E-07,  2.820327E-01,  5.300488E-09,  4.011157E-13,  6.504585E-04,  4.298648E-04,  9.228200E-05,  1.364908E-02,  8.032482E-05,  4.513077E-08,  3.499930E-06,  5.880722E-03,  6.777788E-05,  1.248960E-08
    4.870835E+08,  1.551905E+03,  2.603917E+02,  3.207515E+07,  1.140367E+18,  6.971129E-01,  9.127186E-07,  2.820321E-01,  5.311997E-09,  3.603282E-13,  6.504842E-04,  4.301806E-04,  9.165584E-05,  1.364938E-02,  8.033589E-05,  4.461202E-08,  3.460761E-06,  5.880806E-03,  6.771722E-05,  1.234388E-08
    4.881348E+08,  1.604418E+03,  2.375862E+02,  3.020565E+07,  9.796462E+17,  6.971136E-01,  9.132808E-07,  2.820314E-01,  5.319245E-09,  3.336560E-13,  6.505949E-04,  4.305253E-04,  9.096575E-05,  1.364973E-02,  8.024378E-05,  4.404244E-08,  3.417839E-06,  5.880898E-03,  6.765008E-05,  1.218528E-08
    4.892996E+08,  1.662613E+03,  2.134566E+02,  2.815827E+07,  8.203093E+17,  6.971143E-01,  9.139127E-07,  2.820307E-01,  5.323351E-09,  3.165440E-13,  6.507608E-04,  4.309091E-04,  9.019243E-05,  1.365012E-02,  8.008774E-05,  4.340612E-08,  3.369928E-06,  5.881003E-03,  6.757457E-05,  1.200874E-08
    4.906180E+08,  1.728512E+03,  1.876310E+02,  2.587716E+07,  6.624904E+17,  6.971151E-01,  9.146389E-07,  2.820299E-01,  5.325319E-09,  3.052105E-13,  6.509700E-04,  4.313468E-04,  8.930670E-05,  1.365056E-02,  7.988531E-05,  4.267943E-08,  3.315225E-06,  5.881122E-03,  6.748781E-05,  1.180737E-08
    4.921597E+08,  1.805588E+03,  1.595207E+02,  2.327082E+07,  5.063718E+17,  6.971161E-01,  9.155001E-07,  2.820290E-01,  5.325977E-09,  2.966231E-13,  6.512250E-04,  4.318623E-04,  8.825995E-05,  1.365109E-02,  7.963678E-05,  4.182317E-08,  3.250763E-06,  5.881264E-03,  6.738497E-05,  1.157019E-08
    4.940668E+08,  1.900954E+03,  1.280555E+02,  2.017062E+07,  3.522219E+17,  6.971173E-01,  9.165732E-07,  2.820278E-01,  5.325930E-09,  2.883472E-13,  6.515452E-04,  4.325002E-04,  8.696040E-05,  1.365175E-02,  7.932471E-05,  4.076337E-08,  3.170964E-06,  5.881441E-03,  6.725691E-05,  1.127664E-08
    5.001961E+08,  2.205970E+03,  7.303903E+01,  1.368825E+07,  1.363030E+17,  6.971185E-01,  9.176552E-07,  2.820266E-01,  5.325667E-09,  2.806708E-13,  6.518687E-04,  4.331397E-04,  8.565427E-05,  1.365241E-02,  7.900976E-05,  3.970097E-08,  3.090954E-06,  5.881619E-03,  6.712788E-05,  1.098237E-08
