# number of points    = 109
# number of variables = 19
# vely
# dens
# temp
# pres
# hydrogen-1
# helium-3
# helium-4
# beryllium-7
# boron-8
# carbon-12
# carbon-13
# nitrogen-13
# nitrogen-14
# nitrogen-15
# oxygen-14
# oxygen-15
# oxygen-16
# oxygen-17
# fluorine-17
    4.533599E+08,  1.797309E-05,  1.776608E+04,  1.966204E+07,  4.324339E+19,  0.000000E+00,  0.000000E+00,  0.000000E+00,  0.000000E+00,  0.000000E+00,  5.000000E-01,  0.000000E+00,  0.000000E+00,  0.000000E+00,  0.000000E+00,  0.000000E+00,  0.000000E+00,  5.000000E-01,  0.000000E+00,  0.000000E+00
    4.534622E+08,  1.837868E-05,  1.740331E+04,  1.970329E+07,  4.192333E+19,  0.000000E+00,  0.000000E+00,  0.000000E+00,  0.000000E+00,  0.000000E+00,  5.000000E-01,  0.000000E+00,  0.000000E+00,  0.000000E+00,  0.000000E+00,  0.000000E+00,  0.000000E+00,  5.000000E-01,  0.000000E+00,  0.000000E+00
    4.535667E+08,  1.880920E-05,  1.703546E+04,  1.975113E+07,  4.060445E+19,  0.000000E+00,  0.000000E+00,  0.000000E+00,  0.000000E+00,  0.000000E+00,  5.000000E-01,  0.000000E+00,  0.000000E+00,  0.000000E+00,  0.000000E+00,  0.000000E+00,  0.000000E+00,  5.000000E-01,  0.000000E+00,  0.000000E+00
    4.536735E+08,  1.926754E-05,  1.666224E+04,  1.980663E+07,  3.928678E+19,  0.000000E+00,  0.000000E+00,  0.000000E+00,  0.000000E+00,  0.000000E+00,  5.000000E-01,  0.000000E+00,  0.000000E+00,  0.000000E+00,  0.000000E+00,  0.000000E+00,  0.000000E+00,  5.000000E-01,  0.000000E+00,  0.000000E+00
    4.537827E+08,  1.975739E-05,  1.628333E+04,  1.987106E+07,  3.797035E+19,  0.000000E+00,  0.000000E+00,  0.000000E+00,  0.000000E+00,  0.000000E+00,  5.000000E-01,  0.000000E+00,  0.000000E+00,  0.000000E+00,  0.000000E+00,  0.000000E+00,  0.000000E+00,  5.000000E-01,  0.000000E+00,  0.000000E+00
    4.538944E+08,  2.028322E-05,  1.589827E+04,  1.994602E+07,  3.665518E+19,  0.000000E+00,  0.000000E+00,  0.000000E+00,  0.000000E+00,  0.000000E+00,  5.000000E-01,  0.000000E+00,  0.000000E+00,  0.000000E+00,  0.000000E+00,  0.000000E+00,  0.000000E+00,  5.000000E-01,  0.000000E+00,  0.000000E+00
    4.540090E+08,  2.085060E-05,  1.550657E+04,  2.003347E+07,  3.534131E+19,  0.000000E+00,  0.000000E+00,  0.000000E+00,  0.000000E+00,  0.000000E+00,  5.000000E-01,  0.000000E+00,  0.000000E+00,  0.000000E+00,  0.000000E+00,  0.000000E+00,  0.000000E+00,  5.000000E-01,  0.000000E+00,  0.000000E+00
    4.541273E+08,  2.147075E-05,  1.510636E+04,  2.013624E+07,  3.402448E+19,  0.000000E+00,  0.000000E+00,  0.000000E+00,  0.000000E+00,  0.000000E+00,  5.000000E-01,  0.000000E+00,  0.000000E+00,  0.000000E+00,  0.000000E+00,  0.000000E+00,  0.000000E+00,  5.000000E-01,  0.000000E+00,  0.000000E+00
    4.542486E+08,  2.214841E-05,  1.469731E+04,  2.025759E+07,  3.270580E+19,  0.000000E+00,  0.000000E+00,  0.000000E+00,  0.000000E+00,  0.000000E+00,  5.000000E-01,  0.000000E+00,  0.000000E+00,  0.000000E+00,  0.000000E+00,  0.000000E+00,  0.000000E+00,  5.000000E-01,  0.000000E+00,  0.000000E+00
    4.543732E+08,  2.289596E-05,  1.428036E+04,  2.040111E+07,  3.139079E+19,  0.000000E+00,  0.000000E+00,  0.000000E+00,  0.000000E+00,  0.000000E+00,  5.000000E-01,  0.000000E+00,  0.000000E+00,  0.000000E+00,  0.000000E+00,  0.000000E+00,  0.000000E+00,  5.000000E-01,  0.000000E+00,  0.000000E+00
    4.545015E+08,  2.373241E-05,  1.385443E+04,  2.057211E+07,  3.007883E+19,  0.000000E+00,  0.000000E+00,  0.000000E+00,  0.000000E+00,  0.000000E+00,  5.000000E-01,  0.000000E+00,  0.000000E+00,  0.000000E+00,  0.000000E+00,  0.000000E+00,  0.000000E+00,  5.000000E-01,  0.000000E+00,  0.000000E+00
    4.546338E+08,  2.468533E-05,  1.341805E+04,  2.077780E+07,  2.876894E+19,  0.000000E+00,  0.000000E+00,  0.000000E+00,  0.000000E+00,  0.000000E+00,  5.000000E-01,  0.000000E+00,  0.000000E+00,  0.000000E+00,  0.000000E+00,  0.000000E+00,  0.000000E+00,  5.000000E-01,  0.000000E+00,  0.000000E+00
    4.547705E+08,  2.579858E-05,  1.296966E+04,  2.102803E+07,  2.746089E+19,  0.000000E+00,  0.000000E+00,  0.000000E+00,  0.000000E+00,  0.000000E+00,  5.000000E-01,  0.000000E+00,  0.000000E+00,  0.000000E+00,  0.000000E+00,  0.000000E+00,  0.000000E+00,  5.000000E-01,  0.000000E+00,  0.000000E+00
    4.549127E+08,  2.715480E-05,  1.250662E+04,  2.133716E+07,  2.615282E+19,  0.000000E+00,  0.000000E+00,  0.000000E+00,  0.000000E+00,  0.000000E+00,  5.000000E-01,  0.000000E+00,  0.000000E+00,  0.000000E+00,  0.000000E+00,  0.000000E+00,  0.000000E+00,  5.000000E-01,  0.000000E+00,  0.000000E+00
    4.550227E+08,  2.843505E-05,  1.208666E+04,  2.167670E+07,  2.500899E+19,  0.000000E+00,  0.000000E+00,  0.000000E+00,  0.000000E+00,  0.000000E+00,  5.000000E-01,  0.000000E+00,  0.000000E+00,  0.000000E+00,  0.000000E+00,  0.000000E+00,  0.000000E+00,  5.000000E-01,  0.000000E+00,  0.000000E+00
    4.551748E+08,  3.076551E-05,  1.165167E+04,  2.209115E+07,  2.386778E+19,  0.000000E+00,  0.000000E+00,  0.000000E+00,  0.000000E+00,  0.000000E+00,  5.000000E-01,  0.000000E+00,  0.000000E+00,  0.000000E+00,  0.000000E+00,  0.000000E+00,  0.000000E+00,  5.000000E-01,  0.000000E+00,  0.000000E+00
    4.553339E+08,  3.488261E-05,  1.112299E+04,  2.275582E+07,  2.256556E+19,  0.000000E+00,  0.000000E+00,  0.000000E+00,  0.000000E+00,  0.000000E+00,  5.000000E-01,  0.000000E+00,  0.000000E+00,  0.000000E+00,  0.000000E+00,  0.000000E+00,  0.000000E+00,  5.000000E-01,  0.000000E+00,  0.000000E+00
    4.555017E+08,  4.462886E-05,  1.054023E+04,  2.378361E+07,  2.126548E+19,  0.000000E+00,  0.000000E+00,  0.000000E+00,  0.000000E+00,  0.000000E+00,  5.000000E-01,  0.000000E+00,  0.000000E+00,  0.000000E+00,  0.000000E+00,  0.000000E+00,  0.000000E+00,  5.000000E-01,  0.000000E+00,  0.000000E+00
    4.556807E+08,  6.764606E-05,  9.871037E+03,  2.543719E+07,  1.996749E+19,  0.000000E+00,  0.000000E+00,  0.000000E+00,  0.000000E+00,  0.000000E+00,  5.000000E-01,  0.000000E+00,  0.000000E+00,  0.000000E+00,  0.000000E+00,  0.000000E+00,  0.000000E+00,  5.000000E-01,  0.000000E+00,  0.000000E+00
    4.558756E+08,  1.160241E-04,  9.090332E+03,  2.794338E+07,  1.866942E+19,  0.000000E+00,  0.000000E+00,  0.000000E+00,  0.000000E+00,  0.000000E+00,  5.000000E-01,  0.000000E+00,  0.000000E+00,  0.000000E+00,  0.000000E+00,  0.000000E+00,  0.000000E+00,  5.000000E-01,  0.000000E+00,  0.000000E+00
    4.559516E+08,  1.570772E-04,  3.756152E+03,  2.998531E+07,  1.791540E+19,  6.694601E-01,  2.366134E-07,  3.097474E-01,  2.119499E-10,  1.708371E-14,  1.968852E-04,  6.043567E-05,  1.059125E-08,  1.599188E-02,  6.357803E-07,  1.636970E-15,  2.560148E-09,  4.311390E-03,  2.309320E-04,  9.471556E-12
    4.560285E+08,  1.952262E-04,  3.715833E+03,  3.001581E+07,  1.770607E+19,  6.695196E-01,  2.289106E-07,  3.096883E-01,  2.068734E-10,  1.688299E-14,  1.978968E-04,  6.077189E-05,  1.087582E-08,  1.599087E-02,  6.351780E-07,  1.723892E-15,  2.624392E-09,  4.311407E-03,  2.302724E-04,  9.744727E-12
    4.561074E+08,  2.964133E-04,  3.618799E+03,  2.987622E+07,  1.749688E+19,  6.960346E-01,  1.128000E-06,  2.830028E-01,  7.984971E-10,  4.904205E-14,  1.783198E-04,  5.583218E-05,  6.571961E-09,  1.477561E-02,  5.932661E-07,  0.000000E+00,  1.554101E-09,  5.920433E-03,  3.069796E-05,  8.184730E-12
    4.561868E+08,  3.795482E-04,  3.592699E+03,  2.973363E+07,  1.728783E+19,  6.960329E-01,  1.112995E-06,  2.830046E-01,  7.980352E-10,  4.997659E-14,  1.787466E-04,  5.589180E-05,  6.796911E-09,  1.477505E-02,  5.925715E-07,  0.000000E+00,  1.610770E-09,  5.920368E-03,  3.076009E-05,  8.523658E-12
    4.562668E+08,  4.094440E-04,  3.566493E+03,  2.959009E+07,  1.707893E+19,  6.960191E-01,  1.013905E-06,  2.830189E-01,  7.775693E-10,  5.681798E-14,  1.815026E-04,  5.639469E-05,  8.593160E-09,  1.477134E-02,  5.888112E-07,  1.153835E-15,  2.056699E-09,  5.919859E-03,  3.124645E-05,  1.117426E-11
    4.563474E+08,  4.395489E-04,  3.540178E+03,  2.944558E+07,  1.687017E+19,  6.960242E-01,  1.047057E-06,  2.830137E-01,  7.883724E-10,  5.438241E-14,  1.804576E-04,  5.641791E-05,  7.918484E-09,  1.477252E-02,  5.898560E-07,  0.000000E+00,  1.892532E-09,  5.920045E-03,  3.106438E-05,  1.020522E-11
    4.564285E+08,  4.698667E-04,  3.513751E+03,  2.930010E+07,  1.666156E+19,  6.960289E-01,  1.081662E-06,  2.830087E-01,  7.992000E-10,  5.200322E-14,  1.797592E-04,  5.616824E-05,  7.303236E-09,  1.477359E-02,  5.909075E-07,  0.000000E+00,  1.739519E-09,  5.920217E-03,  3.089972E-05,  9.308904E-12
    4.565103E+08,  5.004011E-04,  3.487212E+03,  2.915361E+07,  1.645310E+19,  6.960334E-01,  1.117757E-06,  2.830042E-01,  8.100026E-10,  4.967842E-14,  1.790463E-04,  5.596640E-05,  6.728170E-09,  1.477463E-02,  5.919700E-07,  0.000000E+00,  1.597052E-09,  5.920376E-03,  3.074588E-05,  8.480731E-12
    4.565926E+08,  5.311561E-04,  3.460559E+03,  2.900611E+07,  1.624479E+19,  6.960375E-01,  1.155386E-06,  2.829999E-01,  8.207266E-10,  4.740634E-14,  1.783256E-04,  5.611945E-05,  6.191430E-09,  1.477530E-02,  5.930305E-07,  0.000000E+00,  1.464502E-09,  5.920522E-03,  3.060025E-05,  7.716368E-12
    4.566755E+08,  5.621359E-04,  3.433788E+03,  2.885756E+07,  1.603663E+19,  6.960413E-01,  1.194589E-06,  2.829959E-01,  8.313098E-10,  4.518541E-14,  1.777057E-04,  5.591996E-05,  5.694430E-09,  1.477623E-02,  5.941131E-07,  0.000000E+00,  1.341364E-09,  5.920657E-03,  3.046779E-05,  7.011692E-12
    4.567591E+08,  5.933445E-04,  3.406899E+03,  2.870795E+07,  1.582862E+19,  6.960449E-01,  1.227313E-06,  2.829922E-01,  8.354337E-10,  4.269490E-14,  1.771074E-04,  5.577611E-05,  5.232038E-09,  1.477707E-02,  5.952055E-07,  0.000000E+00,  1.227060E-09,  5.920781E-03,  3.034472E-05,  6.362797E-12
    4.568433E+08,  6.247864E-04,  3.379889E+03,  2.855727E+07,  1.562077E+19,  6.960482E-01,  1.249018E-06,  2.829888E-01,  8.318298E-10,  3.993452E-14,  1.766672E-04,  5.601839E-05,  4.805914E-09,  1.477732E-02,  5.962881E-07,  0.000000E+00,  1.121030E-09,  5.920895E-03,  3.022945E-05,  5.765976E-12
    4.569282E+08,  6.564661E-04,  3.352756E+03,  2.840547E+07,  1.541306E+19,  6.960513E-01,  1.270696E-06,  2.829856E-01,  8.273912E-10,  3.728086E-14,  1.761415E-04,  5.584243E-05,  4.407112E-09,  1.477811E-02,  5.974043E-07,  0.000000E+00,  1.022870E-09,  5.920999E-03,  3.012442E-05,  5.217721E-12
    4.570137E+08,  6.883880E-04,  3.325498E+03,  2.825255E+07,  1.520551E+19,  6.960541E-01,  1.292285E-06,  2.829827E-01,  8.220640E-10,  3.473297E-14,  1.757291E-04,  5.585807E-05,  4.039072E-09,  1.477858E-02,  5.985214E-07,  0.000000E+00,  9.320361E-10,  5.921095E-03,  3.002697E-05,  4.714711E-12
    4.570999E+08,  7.205569E-04,  3.298113E+03,  2.809848E+07,  1.499812E+19,  6.960568E-01,  1.313721E-06,  2.829800E-01,  8.157977E-10,  3.229007E-14,  1.754511E-04,  5.604264E-05,  3.699959E-09,  1.477870E-02,  5.996402E-07,  0.000000E+00,  8.480833E-10,  5.921183E-03,  2.993696E-05,  4.253807E-12
    4.571867E+08,  7.529778E-04,  3.270597E+03,  2.794324E+07,  1.479088E+19,  6.960592E-01,  1.334937E-06,  2.829775E-01,  8.085454E-10,  2.995150E-14,  1.750553E-04,  5.595760E-05,  3.382684E-09,  1.477925E-02,  6.007889E-07,  0.000000E+00,  7.706248E-10,  5.921263E-03,  2.985464E-05,  3.832043E-12
    4.572743E+08,  7.856557E-04,  3.242948E+03,  2.778679E+07,  1.458380E+19,  6.960615E-01,  1.355871E-06,  2.829752E-01,  8.002648E-10,  2.771664E-14,  1.749506E-04,  5.624987E-05,  3.093666E-09,  1.477905E-02,  6.019263E-07,  0.000000E+00,  6.991883E-10,  5.921336E-03,  2.977850E-05,  3.446623E-12
    4.573627E+08,  8.185958E-04,  3.215165E+03,  2.762912E+07,  1.437688E+19,  6.960635E-01,  1.376459E-06,  2.829731E-01,  7.909188E-10,  2.558491E-14,  1.746222E-04,  5.617543E-05,  2.821882E-09,  1.477951E-02,  6.030994E-07,  0.000000E+00,  6.334532E-10,  5.921403E-03,  2.970914E-05,  3.094907E-12
    4.574517E+08,  8.518049E-04,  3.187243E+03,  2.747019E+07,  1.417011E+19,  6.960655E-01,  1.396638E-06,  2.829711E-01,  7.804768E-10,  2.355574E-14,  1.746130E-04,  5.646870E-05,  2.575076E-09,  1.477921E-02,  6.042657E-07,  0.000000E+00,  5.729856E-10,  5.921464E-03,  2.964527E-05,  2.774417E-12
    4.575415E+08,  8.852913E-04,  3.159181E+03,  2.730997E+07,  1.396351E+19,  6.960672E-01,  1.416349E-06,  2.829693E-01,  7.689149E-10,  2.162853E-14,  1.743698E-04,  5.643769E-05,  2.343339E-09,  1.477952E-02,  6.054619E-07,  0.000000E+00,  5.174929E-10,  5.921519E-03,  2.958717E-05,  2.482826E-12
    4.576321E+08,  9.190638E-04,  3.130975E+03,  2.714845E+07,  1.375707E+19,  6.960689E-01,  1.435536E-06,  2.829677E-01,  7.562164E-10,  1.980246E-14,  1.744079E-04,  5.669145E-05,  2.132736E-09,  1.477921E-02,  6.066592E-07,  0.000000E+00,  4.665930E-10,  5.921570E-03,  2.953393E-05,  2.217931E-12
    4.577235E+08,  9.531287E-04,  3.102624E+03,  2.698558E+07,  1.355080E+19,  6.960703E-01,  1.454148E-06,  2.829662E-01,  7.423721E-10,  1.807657E-14,  1.742802E-04,  5.673674E-05,  1.936255E-09,  1.477930E-02,  6.078805E-07,  0.000000E+00,  4.200041E-10,  5.921615E-03,  2.948556E-05,  1.977663E-12
    4.578157E+08,  9.874926E-04,  3.074124E+03,  2.682134E+07,  1.334468E+19,  6.960717E-01,  1.472137E-06,  2.829648E-01,  7.273814E-10,  1.644973E-14,  1.742805E-04,  5.688916E-05,  1.756394E-09,  1.477914E-02,  6.091139E-07,  0.000000E+00,  3.774046E-10,  5.921656E-03,  2.944151E-05,  1.760085E-12
    4.579087E+08,  1.022162E-03,  3.045472E+03,  2.665571E+07,  1.313874E+19,  6.960730E-01,  1.489460E-06,  2.829635E-01,  7.112526E-10,  1.492063E-14,  1.743242E-04,  5.705627E-05,  1.591048E-09,  1.477891E-02,  6.103627E-07,  0.000000E+00,  3.385175E-10,  5.921693E-03,  2.940150E-05,  1.563388E-12
    4.580025E+08,  1.057145E-03,  3.016666E+03,  2.648863E+07,  1.293296E+19,  6.960742E-01,  1.506082E-06,  2.829624E-01,  6.940032E-10,  1.348774E-14,  1.744143E-04,  5.723926E-05,  1.439234E-09,  1.477861E-02,  6.116262E-07,  0.000000E+00,  3.030752E-10,  5.921727E-03,  2.936524E-05,  1.385874E-12
    4.580973E+08,  1.092448E-03,  2.987701E+03,  2.632009E+07,  1.272735E+19,  6.960752E-01,  1.521970E-06,  2.829613E-01,  6.756601E-10,  1.214925E-14,  1.745401E-04,  5.742965E-05,  1.299917E-09,  1.477825E-02,  6.129182E-07,  0.000000E+00,  2.708253E-10,  5.921757E-03,  2.933244E-05,  1.225960E-12
    4.581929E+08,  1.128079E-03,  2.958575E+03,  2.615004E+07,  1.252191E+19,  6.960762E-01,  1.537100E-06,  2.829604E-01,  6.562599E-10,  1.090314E-14,  1.745885E-04,  5.754286E-05,  1.171466E-09,  1.477807E-02,  6.142163E-07,  0.000000E+00,  2.415331E-10,  5.921784E-03,  2.930285E-05,  1.082167E-12
    4.582894E+08,  1.164045E-03,  2.929285E+03,  2.597844E+07,  1.231664E+19,  6.960771E-01,  1.551452E-06,  2.829595E-01,  6.358491E-10,  9.747077E-15,  1.747217E-04,  5.770384E-05,  1.054266E-09,  1.477775E-02,  6.155368E-07,  0.000000E+00,  2.149683E-10,  5.921808E-03,  2.927618E-05,  9.531173E-13
    4.583869E+08,  1.200355E-03,  2.899825E+03,  2.580527E+07,  1.211155E+19,  6.960779E-01,  1.565013E-06,  2.829587E-01,  6.144840E-10,  8.678515E-15,  1.748983E-04,  5.787771E-05,  9.472121E-10,  1.477735E-02,  6.168965E-07,  0.000000E+00,  1.909213E-10,  5.921830E-03,  2.925219E-05,  8.375278E-13
    4.584854E+08,  1.237018E-03,  2.870192E+03,  2.563046E+07,  1.190662E+19,  6.960786E-01,  1.577778E-06,  2.829580E-01,  5.922307E-10,  7.694636E-15,  1.750000E-04,  5.799301E-05,  8.489799E-10,  1.477711E-02,  6.182461E-07,  0.000000E+00,  1.691964E-10,  5.921849E-03,  2.923068E-05,  7.342062E-13
    4.585848E+08,  1.274042E-03,  2.840383E+03,  2.545399E+07,  1.170188E+19,  6.960793E-01,  1.589744E-06,  2.829574E-01,  5.691654E-10,  6.792387E-15,  1.751603E-04,  5.813233E-05,  7.596296E-10,  1.477677E-02,  6.196296E-07,  0.000000E+00,  1.496042E-10,  5.921866E-03,  2.921142E-05,  6.420458E-13
    4.586853E+08,  1.311436E-03,  2.810393E+03,  2.527580E+07,  1.149731E+19,  6.960799E-01,  1.600915E-06,  2.829568E-01,  5.453734E-10,  5.968496E-15,  1.753480E-04,  5.827401E-05,  6.783449E-10,  1.477640E-02,  6.210538E-07,  0.000000E+00,  1.319709E-10,  5.921882E-03,  2.919422E-05,  5.600212E-13
    4.587868E+08,  1.349210E-03,  2.780217E+03,  2.509585E+07,  1.129292E+19,  6.960804E-01,  1.611302E-06,  2.829563E-01,  5.209496E-10,  5.219490E-15,  1.754843E-04,  5.838280E-05,  6.042468E-10,  1.477612E-02,  6.224694E-07,  0.000000E+00,  1.161345E-10,  5.921895E-03,  2.917890E-05,  4.871833E-13
    4.588893E+08,  1.387376E-03,  2.749851E+03,  2.491408E+07,  1.108871E+19,  6.960809E-01,  1.620917E-06,  2.829558E-01,  4.959972E-10,  4.541712E-15,  1.756579E-04,  5.849950E-05,  5.371263E-10,  1.477579E-02,  6.239210E-07,  0.000000E+00,  1.019407E-10,  5.921907E-03,  2.916528E-05,  4.226547E-13
    4.589930E+08,  1.425944E-03,  2.719287E+03,  2.473045E+07,  1.088469E+19,  6.960814E-01,  1.629781E-06,  2.829554E-01,  4.706277E-10,  3.931360E-15,  1.758320E-04,  5.860766E-05,  4.763283E-10,  1.477547E-02,  6.253906E-07,  0.000000E+00,  8.924751E-11,  5.921918E-03,  2.915320E-05,  3.656261E-13
    4.590979E+08,  1.464926E-03,  2.688522E+03,  2.454488E+07,  1.068085E+19,  6.960818E-01,  1.637915E-06,  2.829550E-01,  4.449602E-10,  3.384524E-15,  1.759818E-04,  5.870113E-05,  4.213107E-10,  1.477520E-02,  6.268887E-07,  0.000000E+00,  7.792257E-11,  5.921927E-03,  2.914252E-05,  3.153540E-13
    4.592038E+08,  1.504332E-03,  2.657551E+03,  2.435734E+07,  1.047719E+19,  6.960821E-01,  1.645345E-06,  2.829547E-01,  4.191207E-10,  2.897216E-15,  1.761463E-04,  5.879184E-05,  3.717222E-10,  1.477491E-02,  6.283982E-07,  0.000000E+00,  6.784228E-11,  5.921936E-03,  2.913311E-05,  2.711552E-13
    4.593110E+08,  1.544173E-03,  2.626368E+03,  2.416775E+07,  1.027372E+19,  6.960824E-01,  1.652097E-06,  2.829544E-01,  3.932408E-10,  2.465390E-15,  1.763058E-04,  5.887431E-05,  3.270852E-10,  1.477463E-02,  6.298662E-07,  0.000000E+00,  5.889236E-11,  5.921943E-03,  2.912483E-05,  2.324031E-13
    4.594195E+08,  1.584464E-03,  2.594966E+03,  2.397606E+07,  1.007044E+19,  6.960827E-01,  1.658203E-06,  2.829542E-01,  3.674559E-10,  2.084979E-15,  1.764500E-04,  5.894783E-05,  2.869837E-10,  1.477438E-02,  6.314343E-07,  0.000000E+00,  5.096675E-11,  5.921949E-03,  2.911758E-05,  1.985242E-13
    4.595292E+08,  1.625222E-03,  2.563341E+03,  2.378220E+07,  9.867359E+18,  6.960830E-01,  1.663694E-06,  2.829539E-01,  3.419046E-10,  1.751938E-15,  1.765932E-04,  5.901517E-05,  2.510699E-10,  1.477414E-02,  6.329859E-07,  0.000000E+00,  4.396740E-11,  5.921954E-03,  2.911123E-05,  1.689952E-13
    4.596403E+08,  1.666465E-03,  2.531487E+03,  2.358610E+07,  9.664467E+18,  6.960832E-01,  1.668604E-06,  2.829537E-01,  3.167260E-10,  1.462257E-15,  1.767352E-04,  5.907602E-05,  2.189885E-10,  1.477391E-02,  6.341624E-07,  0.000000E+00,  3.780365E-11,  5.921959E-03,  2.910571E-05,  1.433385E-13
    4.597527E+08,  1.708209E-03,  2.499398E+03,  2.338771E+07,  9.461771E+18,  6.960834E-01,  1.672966E-06,  2.829535E-01,  2.920563E-10,  1.211989E-15,  1.768609E-04,  5.913021E-05,  1.903896E-10,  1.477370E-02,  6.357842E-07,  0.000000E+00,  3.239171E-11,  5.921963E-03,  2.910091E-05,  1.211186E-13
    4.598666E+08,  1.750468E-03,  2.467070E+03,  2.318694E+07,  9.259273E+18,  6.960836E-01,  1.676816E-06,  2.829534E-01,  2.680278E-10,  9.972957E-16,  1.769801E-04,  5.917876E-05,  1.649775E-10,  1.477351E-02,  6.373619E-07,  0.000000E+00,  2.765440E-11,  5.921967E-03,  2.909677E-05,  1.019402E-13
    4.599819E+08,  1.793260E-03,  2.434493E+03,  2.298372E+07,  9.056976E+18,  6.960837E-01,  1.680188E-06,  2.829532E-01,  2.447663E-10,  8.144773E-16,  1.770936E-04,  5.922189E-05,  1.424631E-10,  1.477333E-02,  6.387512E-07,  0.000000E+00,  2.352088E-11,  5.921970E-03,  2.909319E-05,  8.544547E-14
    4.600987E+08,  1.836606E-03,  2.401659E+03,  2.277796E+07,  8.854881E+18,  6.960839E-01,  1.683116E-06,  2.829531E-01,  2.223879E-10,  6.599928E-16,  1.772003E-04,  5.925992E-05,  1.225753E-10,  1.477316E-02,  6.396819E-07,  0.000000E+00,  1.992614E-11,  5.921972E-03,  2.909012E-05,  7.131089E-14
    4.602171E+08,  1.880523E-03,  2.368560E+03,  2.256955E+07,  8.652991E+18,  6.960840E-01,  1.685634E-06,  2.829530E-01,  2.009982E-10,  5.304946E-16,  1.772988E-04,  5.929343E-05,  1.050625E-10,  1.477301E-02,  6.402317E-07,  0.000000E+00,  1.681087E-11,  5.921975E-03,  2.908750E-05,  5.924545E-14
    4.603372E+08,  1.925031E-03,  2.335187E+03,  2.235842E+07,  8.451309E+18,  6.960841E-01,  1.687777E-06,  2.829529E-01,  1.806900E-10,  4.228477E-16,  1.773882E-04,  5.932297E-05,  8.969223E-11,  1.477288E-02,  6.411458E-07,  0.000000E+00,  1.412104E-11,  5.921976E-03,  2.908526E-05,  4.898816E-14
    4.604589E+08,  1.970151E-03,  2.301532E+03,  2.214445E+07,  8.249838E+18,  6.960842E-01,  1.689574E-06,  2.829528E-01,  1.615413E-10,  3.341412E-16,  1.774697E-04,  5.934882E-05,  7.625052E-11,  1.477275E-02,  6.421125E-07,  0.000000E+00,  1.180754E-11,  5.921978E-03,  2.908336E-05,  4.030528E-14
    4.605824E+08,  2.015904E-03,  2.267586E+03,  2.192754E+07,  8.048579E+18,  6.960843E-01,  1.691058E-06,  2.829528E-01,  1.436132E-10,  2.617001E-16,  1.775445E-04,  5.937128E-05,  6.453905E-11,  1.477264E-02,  6.426657E-07,  0.000000E+00,  9.825778E-12,  5.921979E-03,  2.908176E-05,  3.298807E-14
    4.607077E+08,  2.062313E-03,  2.233337E+03,  2.170757E+07,  7.847535E+18,  6.960843E-01,  1.692258E-06,  2.829527E-01,  1.269494E-10,  2.030930E-16,  1.776126E-04,  5.939070E-05,  5.437457E-11,  1.477254E-02,  6.428005E-07,  0.000000E+00,  8.135429E-12,  5.921981E-03,  2.908041E-05,  2.685082E-14
    4.608349E+08,  2.109403E-03,  2.198776E+03,  2.148443E+07,  7.646711E+18,  6.960844E-01,  1.693202E-06,  2.829527E-01,  1.115756E-10,  1.561346E-16,  1.776740E-04,  5.940745E-05,  4.558858E-11,  1.477245E-02,  6.427116E-07,  0.000000E+00,  6.700117E-12,  5.921981E-03,  2.907929E-05,  2.172877E-14
    4.609641E+08,  2.157200E-03,  2.163891E+03,  2.125798E+07,  7.446108E+18,  6.960844E-01,  1.693916E-06,  2.829526E-01,  9.749932E-11,  1.188833E-16,  1.777296E-04,  5.942180E-05,  3.802680E-11,  1.477237E-02,  6.420644E-07,  0.000000E+00,  5.487132E-12,  5.921982E-03,  2.907835E-05,  1.747636E-14
    4.610953E+08,  2.197199E-03,  2.128669E+03,  2.102807E+07,  7.245730E+18,  6.960845E-01,  1.694293E-06,  2.829526E-01,  8.707330E-11,  9.425256E-17,  1.777715E-04,  5.943216E-05,  3.255552E-11,  1.477231E-02,  6.414249E-07,  0.000000E+00,  4.626512E-12,  5.921983E-03,  2.907770E-05,  1.451545E-14
    4.612288E+08,  2.237561E-03,  2.093096E+03,  2.079455E+07,  7.045579E+18,  6.960845E-01,  1.694651E-06,  2.829526E-01,  7.531704E-11,  7.050073E-17,  1.778165E-04,  5.944285E-05,  2.688450E-11,  1.477225E-02,  6.403542E-07,  0.000000E+00,  3.747549E-12,  5.921983E-03,  2.907705E-05,  1.153577E-14
    4.613644E+08,  2.278295E-03,  2.057157E+03,  2.055726E+07,  6.845660E+18,  6.960846E-01,  1.694848E-06,  2.829526E-01,  6.478990E-11,  5.220828E-17,  1.778564E-04,  5.945190E-05,  2.206891E-11,  1.477220E-02,  6.390264E-07,  0.000000E+00,  3.015708E-12,  5.921984E-03,  2.907651E-05,  9.102286E-15
    4.615027E+08,  2.325883E-03,  2.016987E+03,  2.031604E+07,  6.645977E+18,  6.987284E-01,  5.191674E-06,  2.804221E-01,  1.537133E-10,  1.045961E-16,  7.835242E-04,  3.303649E-04,  7.766109E-11,  1.372941E-02,  6.180449E-07,  0.000000E+00,  2.188268E-12,  5.996264E-03,  4.116321E-06,  7.032939E-15
    4.616435E+08,  2.360596E-03,  1.980248E+03,  2.007072E+07,  6.446532E+18,  6.987998E-01,  5.485009E-06,  2.803895E-01,  1.423890E-10,  8.542221E-17,  9.793458E-04,  4.140989E-04,  8.239093E-11,  1.341081E-02,  6.050954E-07,  0.000000E+00,  1.785979E-12,  5.996488E-03,  3.856203E-06,  5.785189E-15
    4.617868E+08,  2.377920E-03,  1.942989E+03,  1.982286E+07,  6.247330E+18,  6.988758E-01,  5.806382E-06,  2.803586E-01,  1.331501E-10,  7.082058E-17,  1.207714E-03,  5.095879E-04,  8.693876E-11,  1.304158E-02,  5.897354E-07,  0.000000E+00,  1.464445E-12,  5.996700E-03,  3.611272E-06,  4.807122E-15
    4.619332E+08,  2.387248E-03,  1.901811E+03,  1.962596E+07,  6.048376E+18,  6.989563E-01,  6.161042E-06,  2.803292E-01,  1.249605E-10,  5.897084E-17,  1.467932E-03,  6.145486E-04,  9.054443E-11,  1.262499E-02,  5.721578E-07,  0.000000E+00,  1.197301E-12,  5.996901E-03,  3.381103E-06,  4.001935E-15
    4.620829E+08,  2.392942E-03,  1.858669E+03,  1.944964E+07,  5.849674E+18,  6.990404E-01,  6.554971E-06,  2.803015E-01,  1.173047E-10,  4.901236E-17,  1.757507E-03,  7.249584E-04,  9.265085E-11,  1.216827E-02,  5.527021E-07,  0.000000E+00,  9.719325E-13,  5.997093E-03,  3.161854E-06,  3.321838E-15
    4.622361E+08,  2.396991E-03,  1.814474E+03,  1.927937E+07,  5.651229E+18,  6.991271E-01,  6.995068E-06,  2.802752E-01,  1.099287E-10,  4.050763E-17,  2.072190E-03,  8.350357E-04,  9.289986E-11,  1.168263E-02,  5.318803E-07,  0.000000E+00,  7.816600E-13,  5.997275E-03,  2.956182E-06,  2.741095E-15
    4.623931E+08,  2.400295E-03,  1.769637E+03,  1.910824E+07,  5.453047E+18,  6.992150E-01,  7.489361E-06,  2.802505E-01,  1.027157E-10,  3.321271E-17,  2.406248E-03,  9.375599E-04,  9.114041E-11,  1.118251E-02,  5.103488E-07,  0.000000E+00,  6.222466E-13,  5.997446E-03,  2.763232E-06,  2.244256E-15
    4.625541E+08,  2.403256E-03,  1.724329E+03,  1.893297E+07,  5.255134E+18,  6.993021E-01,  8.047270E-06,  2.802272E-01,  9.562465E-11,  2.697338E-17,  2.752584E-03,  1.024595E-03,  8.741358E-11,  1.068475E-02,  4.888849E-07,  0.000000E+00,  4.903312E-13,  5.997610E-03,  2.580138E-06,  1.820770E-15
    4.627194E+08,  2.406052E-03,  1.678611E+03,  1.875200E+07,  5.057497E+18,  6.993868E-01,  8.680020E-06,  2.802053E-01,  8.865850E-11,  2.167646E-17,  3.103645E-03,  1.088513E-03,  8.194589E-11,  1.020637E-02,  4.682795E-07,  0.000000E+00,  3.827250E-13,  5.997764E-03,  2.408783E-06,  1.462413E-15
    4.628893E+08,  2.408761E-03,  1.632476E+03,  1.856466E+07,  4.860142E+18,  6.994674E-01,  9.401220E-06,  2.801847E-01,  8.184616E-11,  1.722595E-17,  3.451677E-03,  1.123128E-03,  7.509426E-11,  9.763080E-03,  4.492668E-07,  0.000000E+00,  2.962190E-13,  5.997913E-03,  2.244156E-06,  1.162055E-15
    4.630640E+08,  2.411416E-03,  1.585887E+03,  1.837073E+07,  4.663076E+18,  6.995423E-01,  1.022771E-05,  2.801654E-01,  7.523067E-11,  1.353198E-17,  3.789314E-03,  1.124725E-03,  6.729386E-11,  9.367471E-03,  4.324441E-07,  0.000000E+00,  2.276015E-13,  5.998057E-03,  2.085583E-06,  0.000000E+00
    4.632439E+08,  2.414029E-03,  1.538791E+03,  1.817022E+07,  4.466308E+18,  6.996104E-01,  1.118084E-05,  2.801473E-01,  6.886067E-11,  1.050641E-17,  4.109975E-03,  1.092779E-03,  5.900004E-11,  9.027787E-03,  4.182206E-07,  0.000000E+00,  1.737829E-13,  5.998201E-03,  1.928323E-06,  0.000000E+00
    4.634294E+08,  2.416606E-03,  1.491128E+03,  1.796324E+07,  4.269844E+18,  6.996712E-01,  1.228823E-05,  2.801303E-01,  6.278349E-11,  8.062135E-18,  4.408374E-03,  1.029828E-03,  5.064005E-11,  8.747460E-03,  4.067854E-07,  0.000000E+00,  1.319349E-13,  5.998346E-03,  1.770867E-06,  0.000000E+00
    4.636209E+08,  2.419149E-03,  1.442834E+03,  1.774989E+07,  4.073696E+18,  6.997244E-01,  1.358603E-05,  2.801143E-01,  5.703922E-11,  6.114404E-18,  4.680473E-03,  9.413956E-04,  4.257275E-11,  8.525258E-03,  3.981133E-07,  0.000000E+00,  9.959136E-14,  5.998484E-03,  1.620672E-06,  0.000000E+00
    4.638191E+08,  2.421661E-03,  1.393837E+03,  1.753020E+07,  3.877871E+18,  6.997703E-01,  1.512110E-05,  2.800993E-01,  5.165374E-11,  4.582690E-18,  4.923634E-03,  8.350984E-04,  3.507072E-11,  8.356051E-03,  3.920007E-07,  0.000000E+00,  7.469380E-14,  5.998618E-03,  1.476797E-06,  0.000000E+00
    4.640244E+08,  2.424143E-03,  1.344070E+03,  1.730409E+07,  3.682381E+18,  6.998093E-01,  1.695049E-05,  2.800851E-01,  4.662677E-11,  3.392403E-18,  5.136735E-03,  7.191233E-04,  2.831708E-11,  8.232335E-03,  3.881339E-07,  0.000000E+00,  5.558758E-14,  5.998743E-03,  1.341513E-06,  0.000000E+00
    4.642375E+08,  2.426600E-03,  1.293467E+03,  1.707131E+07,  3.487237E+18,  6.998420E-01,  1.913311E-05,  2.800716E-01,  4.191517E-11,  2.476231E-18,  5.319964E-03,  6.010867E-04,  2.241075E-11,  8.145688E-03,  3.861664E-07,  0.000000E+00,  4.097501E-14,  5.998863E-03,  1.212028E-06,  0.000000E+00
    4.644592E+08,  2.429038E-03,  1.241960E+03,  1.683142E+07,  3.292451E+18,  6.998693E-01,  2.170368E-05,  2.800589E-01,  3.741498E-11,  1.775391E-18,  5.474423E-03,  4.877957E-04,  1.737940E-11,  8.087491E-03,  3.857015E-07,  0.000000E+00,  2.984959E-14,  5.998977E-03,  1.089742E-06,  0.000000E+00
    4.646906E+08,  2.431461E-03,  1.189473E+03,  1.658379E+07,  3.098037E+18,  6.998918E-01,  2.461794E-05,  2.800468E-01,  3.295796E-11,  1.241073E-18,  5.602072E-03,  3.842106E-04,  1.319761E-11,  8.050121E-03,  3.860970E-07,  0.000000E+00,  2.143560E-14,  5.999085E-03,  9.747073E-07,  0.000000E+00
    4.649325E+08,  2.433879E-03,  1.135940E+03,  1.632759E+07,  2.904009E+18,  6.999103E-01,  2.766670E-05,  2.800355E-01,  2.834418E-11,  8.356120E-19,  5.705412E-03,  2.935027E-04,  9.803099E-12,  8.027245E-03,  3.855691E-07,  0.000000E+00,  1.513162E-14,  5.999187E-03,  8.653800E-07,  0.000000E+00
    4.651865E+08,  2.436299E-03,  1.081278E+03,  1.606174E+07,  2.710386E+18,  6.999256E-01,  3.038908E-05,  2.800252E-01,  2.343059E-11,  5.325244E-19,  5.787264E-03,  2.171926E-04,  7.111050E-12,  8.013937E-03,  3.797169E-07,  0.000000E+00,  1.046662E-14,  5.999284E-03,  7.617234E-07,  0.000000E+00
    4.654539E+08,  2.438732E-03,  1.025395E+03,  1.578492E+07,  2.517185E+18,  6.999384E-01,  3.209137E-05,  2.800165E-01,  1.826962E-11,  3.145016E-19,  5.850596E-03,  1.553915E-04,  5.026121E-12,  8.006622E-03,  3.619791E-07,  0.000000E+00,  7.068428E-15,  5.999376E-03,  6.636375E-07,  0.000000E+00
    4.657369E+08,  2.441189E-03,  9.681954E+02,  1.549547E+07,  2.324428E+18,  6.999495E-01,  3.207230E-05,  2.800097E-01,  1.318740E-11,  1.684550E-19,  5.898353E-03,  1.071816E-04,  3.451081E-12,  8.002855E-03,  3.278448E-07,  0.000000E+00,  4.640727E-15,  5.999461E-03,  5.726399E-07,  0.000000E+00
    4.660377E+08,  2.443684E-03,  9.095595E+02,  1.519138E+07,  2.132140E+18,  6.999592E-01,  3.003640E-05,  2.800051E-01,  8.692125E-12,  8.043139E-20,  5.933343E-03,  7.098420E-05,  2.292723E-12,  8.001061E-03,  2.792261E-07,  0.000000E+00,  2.946739E-15,  5.999542E-03,  4.873547E-07,  0.000000E+00
    4.663594E+08,  2.446230E-03,  8.493552E+02,  1.487008E+07,  1.940348E+18,  6.999678E-01,  2.629946E-05,  2.800023E-01,  5.194033E-12,  3.383260E-20,  5.958142E-03,  4.488291E-05,  1.465828E-12,  8.000290E-03,  2.238990E-07,  0.000000E+00,  1.797853E-15,  5.999616E-03,  4.079354E-07,  0.000000E+00
    4.667059E+08,  2.448844E-03,  7.874033E+02,  1.452827E+07,  1.749086E+18,  6.999753E-01,  2.162239E-05,  2.800010E-01,  2.807774E-12,  1.243526E-20,  5.975048E-03,  2.688065E-05,  8.953006E-13,  8.000003E-03,  1.713123E-07,  0.000000E+00,  1.045013E-15,  5.999684E-03,  3.360373E-07,  0.000000E+00
    4.670824E+08,  2.451544E-03,  7.234998E+02,  1.416158E+07,  1.558392E+18,  6.999817E-01,  1.679154E-05,  2.800003E-01,  1.369205E-12,  3.950221E-21,  5.986044E-03,  1.507931E-05,  5.171736E-13,  7.999924E-03,  1.264308E-07,  0.000000E+00,  0.000000E+00,  5.999747E-03,  2.685426E-07,  0.000000E+00
    4.674961E+08,  2.454353E-03,  6.573759E+02,  1.376409E+07,  1.368313E+18,  6.999869E-01,  1.233357E-05,  2.800001E-01,  5.957911E-13,  1.060654E-21,  5.992797E-03,  7.797422E-06,  2.785472E-13,  7.999921E-03,  9.131651E-08,  0.000000E+00,  0.000000E+00,  5.999805E-03,  2.075580E-07,  0.000000E+00
    4.679572E+08,  2.457294E-03,  5.886918E+02,  1.332745E+07,  1.178909E+18,  6.999911E-01,  8.542053E-06,  2.800000E-01,  2.265515E-13,  2.318885E-22,  5.996651E-03,  3.629380E-06,  1.369911E-13,  7.999938E-03,  6.444036E-08,  0.000000E+00,  0.000000E+00,  5.999856E-03,  1.527373E-07,  0.000000E+00
    4.684812E+08,  2.460392E-03,  5.170059E+02,  1.283922E+07,  9.902524E+17,  6.999944E-01,  5.493068E-06,  2.800000E-01,  7.212457E-14,  3.856205E-23,  5.998648E-03,  1.466137E-06,  5.957336E-14,  7.999957E-03,  4.445766E-08,  0.000000E+00,  0.000000E+00,  5.999900E-03,  1.067500E-07,  0.000000E+00
    4.690930E+08,  2.463659E-03,  4.416772E+02,  1.227959E+07,  8.024437E+17,  6.999968E-01,  3.193775E-06,  2.800000E-01,  1.788641E-14,  4.352517E-24,  5.999555E-03,  4.835366E-07,  2.171857E-14,  7.999973E-03,  2.802227E-08,  0.000000E+00,  0.000000E+00,  5.999938E-03,  6.642789E-08,  0.000000E+00
    4.698378E+08,  2.467042E-03,  3.617373E+02,  1.161410E+07,  6.156217E+17,  6.999984E-01,  1.595446E-06,  2.800000E-01,  3.020651E-15,  2.700968E-25,  5.999893E-03,  1.167004E-07,  6.024874E-15,  7.999986E-03,  1.513002E-08,  0.000000E+00,  0.000000E+00,  5.999967E-03,  3.516371E-08,  0.000000E+00
    4.708120E+08,  2.470193E-03,  2.755746E+02,  1.077485E+07,  4.300003E+17,  6.999994E-01,  5.929895E-07,  2.800000E-01,  2.520346E-16,  5.691193E-27,  5.999985E-03,  1.619323E-08,  1.040810E-15,  7.999995E-03,  5.588671E-09,  0.000000E+00,  0.000000E+00,  5.999988E-03,  1.278665E-08,  0.000000E+00
    4.744130E+08,  2.499554E-03,  1.375017E+02,  8.593533E+06,  1.675846E+17,  6.999999E-01,  1.281754E-07,  2.800000E-01,  4.815439E-19,  1.654751E-31,  6.000000E-03,  4.120978E-30,  0.000000E+00,  8.000000E-03,  3.840020E-32,  0.000000E+00,  0.000000E+00,  6.000000E-03,  9.172765E-30,  0.000000E+00
