# number of points    = 109
# number of variables = 19
# vely
# dens
# temp
# pres
# hydrogen-1
# helium-3
# helium-4
# beryllium-7
# boron-8
# carbon-12
# carbon-13
# nitrogen-13
# nitrogen-14
# nitrogen-15
# oxygen-14
# oxygen-15
# oxygen-16
# oxygen-17
# fluorine-17
    4.533655E+08,  5.853332E-04,  1.774535E+04,  1.964940E+07,  4.316102E+19,  0.000000E+00,  0.000000E+00,  0.000000E+00,  0.000000E+00,  0.000000E+00,  5.000000E-01,  0.000000E+00,  0.000000E+00,  0.000000E+00,  0.000000E+00,  0.000000E+00,  0.000000E+00,  5.000000E-01,  0.000000E+00,  0.000000E+00
    4.534680E+08,  5.977917E-04,  1.738236E+04,  1.969036E+07,  4.184102E+19,  0.000000E+00,  0.000000E+00,  0.000000E+00,  0.000000E+00,  0.000000E+00,  5.000000E-01,  0.000000E+00,  0.000000E+00,  0.000000E+00,  0.000000E+00,  0.000000E+00,  0.000000E+00,  5.000000E-01,  0.000000E+00,  0.000000E+00
    4.535726E+08,  6.109229E-04,  1.701427E+04,  1.973793E+07,  4.052221E+19,  0.000000E+00,  0.000000E+00,  0.000000E+00,  0.000000E+00,  0.000000E+00,  5.000000E-01,  0.000000E+00,  0.000000E+00,  0.000000E+00,  0.000000E+00,  0.000000E+00,  0.000000E+00,  5.000000E-01,  0.000000E+00,  0.000000E+00
    4.536795E+08,  6.247877E-04,  1.664080E+04,  1.979322E+07,  3.920461E+19,  0.000000E+00,  0.000000E+00,  0.000000E+00,  0.000000E+00,  0.000000E+00,  5.000000E-01,  0.000000E+00,  0.000000E+00,  0.000000E+00,  0.000000E+00,  0.000000E+00,  0.000000E+00,  5.000000E-01,  0.000000E+00,  0.000000E+00
    4.537888E+08,  6.394567E-04,  1.626163E+04,  1.985750E+07,  3.788825E+19,  0.000000E+00,  0.000000E+00,  0.000000E+00,  0.000000E+00,  0.000000E+00,  5.000000E-01,  0.000000E+00,  0.000000E+00,  0.000000E+00,  0.000000E+00,  0.000000E+00,  0.000000E+00,  5.000000E-01,  0.000000E+00,  0.000000E+00
    4.539007E+08,  6.550103E-04,  1.587628E+04,  1.993234E+07,  3.657316E+19,  0.000000E+00,  0.000000E+00,  0.000000E+00,  0.000000E+00,  0.000000E+00,  5.000000E-01,  0.000000E+00,  0.000000E+00,  0.000000E+00,  0.000000E+00,  0.000000E+00,  0.000000E+00,  5.000000E-01,  0.000000E+00,  0.000000E+00
    4.540155E+08,  6.715406E-04,  1.548427E+04,  2.001974E+07,  3.525936E+19,  0.000000E+00,  0.000000E+00,  0.000000E+00,  0.000000E+00,  0.000000E+00,  5.000000E-01,  0.000000E+00,  0.000000E+00,  0.000000E+00,  0.000000E+00,  0.000000E+00,  0.000000E+00,  5.000000E-01,  0.000000E+00,  0.000000E+00
    4.541339E+08,  6.892733E-04,  1.508373E+04,  2.012255E+07,  3.394260E+19,  0.000000E+00,  0.000000E+00,  0.000000E+00,  0.000000E+00,  0.000000E+00,  5.000000E-01,  0.000000E+00,  0.000000E+00,  0.000000E+00,  0.000000E+00,  0.000000E+00,  0.000000E+00,  5.000000E-01,  0.000000E+00,  0.000000E+00
    4.542554E+08,  7.081997E-04,  1.467430E+04,  2.024409E+07,  3.262400E+19,  0.000000E+00,  0.000000E+00,  0.000000E+00,  0.000000E+00,  0.000000E+00,  5.000000E-01,  0.000000E+00,  0.000000E+00,  0.000000E+00,  0.000000E+00,  0.000000E+00,  0.000000E+00,  5.000000E-01,  0.000000E+00,  0.000000E+00
    4.543802E+08,  7.284581E-04,  1.425693E+04,  2.038805E+07,  3.130906E+19,  0.000000E+00,  0.000000E+00,  0.000000E+00,  0.000000E+00,  0.000000E+00,  5.000000E-01,  0.000000E+00,  0.000000E+00,  0.000000E+00,  0.000000E+00,  0.000000E+00,  0.000000E+00,  5.000000E-01,  0.000000E+00,  0.000000E+00
    4.545087E+08,  7.502470E-04,  1.383051E+04,  2.055989E+07,  2.999718E+19,  0.000000E+00,  0.000000E+00,  0.000000E+00,  0.000000E+00,  0.000000E+00,  5.000000E-01,  0.000000E+00,  0.000000E+00,  0.000000E+00,  0.000000E+00,  0.000000E+00,  0.000000E+00,  5.000000E-01,  0.000000E+00,  0.000000E+00
    4.546412E+08,  7.737891E-04,  1.339353E+04,  2.076711E+07,  2.868738E+19,  0.000000E+00,  0.000000E+00,  0.000000E+00,  0.000000E+00,  0.000000E+00,  5.000000E-01,  0.000000E+00,  0.000000E+00,  0.000000E+00,  0.000000E+00,  0.000000E+00,  0.000000E+00,  5.000000E-01,  0.000000E+00,  0.000000E+00
    4.547783E+08,  7.993613E-04,  1.294436E+04,  2.102013E+07,  2.737941E+19,  0.000000E+00,  0.000000E+00,  0.000000E+00,  0.000000E+00,  0.000000E+00,  5.000000E-01,  0.000000E+00,  0.000000E+00,  0.000000E+00,  0.000000E+00,  0.000000E+00,  0.000000E+00,  5.000000E-01,  0.000000E+00,  0.000000E+00
    4.549207E+08,  8.274122E-04,  1.248022E+04,  2.133457E+07,  2.607144E+19,  0.000000E+00,  0.000000E+00,  0.000000E+00,  0.000000E+00,  0.000000E+00,  5.000000E-01,  0.000000E+00,  0.000000E+00,  0.000000E+00,  0.000000E+00,  0.000000E+00,  0.000000E+00,  5.000000E-01,  0.000000E+00,  0.000000E+00
    4.550310E+08,  8.503526E-04,  1.205862E+04,  2.168396E+07,  2.492769E+19,  0.000000E+00,  0.000000E+00,  0.000000E+00,  0.000000E+00,  0.000000E+00,  5.000000E-01,  0.000000E+00,  0.000000E+00,  0.000000E+00,  0.000000E+00,  0.000000E+00,  0.000000E+00,  5.000000E-01,  0.000000E+00,  0.000000E+00
    4.551835E+08,  8.842469E-04,  1.162072E+04,  2.211840E+07,  2.378656E+19,  0.000000E+00,  0.000000E+00,  0.000000E+00,  0.000000E+00,  0.000000E+00,  5.000000E-01,  0.000000E+00,  0.000000E+00,  0.000000E+00,  0.000000E+00,  0.000000E+00,  0.000000E+00,  5.000000E-01,  0.000000E+00,  0.000000E+00
    4.553432E+08,  9.242429E-04,  1.108346E+04,  2.284808E+07,  2.248443E+19,  0.000000E+00,  0.000000E+00,  0.000000E+00,  0.000000E+00,  0.000000E+00,  5.000000E-01,  0.000000E+00,  0.000000E+00,  0.000000E+00,  0.000000E+00,  0.000000E+00,  0.000000E+00,  5.000000E-01,  0.000000E+00,  0.000000E+00
    4.555120E+08,  9.783491E-04,  1.047525E+04,  2.407580E+07,  2.118447E+19,  0.000000E+00,  0.000000E+00,  0.000000E+00,  0.000000E+00,  0.000000E+00,  5.000000E-01,  0.000000E+00,  0.000000E+00,  0.000000E+00,  0.000000E+00,  0.000000E+00,  0.000000E+00,  5.000000E-01,  0.000000E+00,  0.000000E+00
    4.556934E+08,  1.080574E-03,  9.741241E+03,  2.624913E+07,  1.988660E+19,  0.000000E+00,  0.000000E+00,  0.000000E+00,  0.000000E+00,  0.000000E+00,  5.000000E-01,  0.000000E+00,  0.000000E+00,  0.000000E+00,  0.000000E+00,  0.000000E+00,  0.000000E+00,  5.000000E-01,  0.000000E+00,  0.000000E+00
    4.558949E+08,  1.428151E-03,  8.787248E+03,  3.019478E+07,  1.858868E+19,  0.000000E+00,  0.000000E+00,  0.000000E+00,  0.000000E+00,  0.000000E+00,  5.000000E-01,  0.000000E+00,  0.000000E+00,  0.000000E+00,  0.000000E+00,  0.000000E+00,  0.000000E+00,  5.000000E-01,  0.000000E+00,  0.000000E+00
    4.559819E+08,  2.335315E-03,  3.285879E+03,  3.520456E+07,  1.783477E+19,  6.970006E-01,  4.765274E-06,  2.822282E-01,  6.311286E-09,  2.350912E-12,  1.209671E-03,  3.499546E-04,  5.636003E-07,  1.325523E-02,  4.956989E-07,  9.812915E-13,  2.326459E-08,  5.927169E-03,  2.337327E-05,  1.825117E-10
    4.560694E+08,  3.248589E-03,  3.262594E+03,  3.503969E+07,  1.762550E+19,  6.970048E-01,  4.817214E-06,  2.822267E-01,  6.296576E-09,  2.226339E-12,  1.226289E-03,  3.500936E-04,  5.331636E-07,  1.323571E-02,  4.958269E-07,  8.600227E-13,  2.153892E-08,  5.927243E-03,  2.331195E-05,  1.680850E-10
    4.561575E+08,  4.168078E-03,  3.239218E+03,  3.487377E+07,  1.741638E+19,  6.970091E-01,  4.868968E-06,  2.822253E-01,  6.279598E-09,  2.106212E-12,  1.245686E-03,  3.467048E-04,  5.049566E-07,  1.321675E-02,  4.959845E-07,  7.538761E-13,  1.992298E-08,  5.927313E-03,  2.325409E-05,  1.546367E-10
    4.562463E+08,  5.093891E-03,  3.215749E+03,  3.470678E+07,  1.720742E+19,  6.970124E-01,  4.920439E-06,  2.822240E-01,  6.260221E-09,  1.990451E-12,  1.256417E-03,  3.500394E-04,  4.744332E-07,  1.320066E-02,  4.962544E-07,  6.549292E-13,  1.841411E-08,  5.927377E-03,  2.320086E-05,  1.421120E-10
    4.563356E+08,  6.026137E-03,  3.192186E+03,  3.453869E+07,  1.699863E+19,  6.970160E-01,  4.971529E-06,  2.822228E-01,  6.238316E-09,  1.878977E-12,  1.270906E-03,  3.497664E-04,  4.466362E-07,  1.318407E-02,  4.965147E-07,  5.695181E-13,  1.700174E-08,  5.927437E-03,  2.315056E-05,  1.304585E-10
    4.564256E+08,  6.964931E-03,  3.168528E+03,  3.436949E+07,  1.679000E+19,  6.970195E-01,  5.022141E-06,  2.822216E-01,  6.213765E-09,  1.771719E-12,  1.287564E-03,  3.462416E-04,  4.207234E-07,  1.316845E-02,  4.968222E-07,  4.950273E-13,  1.568266E-08,  5.927493E-03,  2.310329E-05,  1.196259E-10
    4.565162E+08,  7.910424E-03,  3.144773E+03,  3.419914E+07,  1.658154E+19,  6.970224E-01,  5.072179E-06,  2.822206E-01,  6.186453E-09,  1.668604E-12,  1.297712E-03,  3.487061E-04,  3.938942E-07,  1.315398E-02,  4.971770E-07,  4.272014E-13,  1.445185E-08,  5.927545E-03,  2.305972E-05,  1.095662E-10
    4.566075E+08,  8.862746E-03,  3.120917E+03,  3.402764E+07,  1.637324E+19,  6.970257E-01,  5.121548E-06,  2.822196E-01,  6.156274E-09,  1.569560E-12,  1.313964E-03,  3.439212E-04,  3.701089E-07,  1.314019E-02,  4.975706E-07,  3.695975E-13,  1.330385E-08,  5.927593E-03,  2.301847E-05,  1.002336E-10
    4.566995E+08,  9.822024E-03,  3.096960E+03,  3.385494E+07,  1.616510E+19,  6.970285E-01,  5.170157E-06,  2.822186E-01,  6.123130E-09,  1.474519E-12,  1.324732E-03,  3.443905E-04,  3.459190E-07,  1.312714E-02,  4.980003E-07,  3.177087E-13,  1.223405E-08,  5.927637E-03,  2.298045E-05,  9.158426E-11
    4.567921E+08,  1.078839E-02,  3.072900E+03,  3.368104E+07,  1.595714E+19,  6.970310E-01,  5.217918E-06,  2.822178E-01,  6.086932E-09,  1.383413E-12,  1.334385E-03,  3.456554E-04,  3.226849E-07,  1.311453E-02,  4.984526E-07,  2.722645E-13,  1.123777E-08,  5.927678E-03,  2.294510E-05,  8.357680E-11
    4.568854E+08,  1.176197E-02,  3.048734E+03,  3.350590E+07,  1.574934E+19,  6.970337E-01,  5.264744E-06,  2.822170E-01,  6.047601E-09,  1.296175E-12,  1.348609E-03,  3.403189E-04,  3.016952E-07,  1.310370E-02,  4.989972E-07,  2.335733E-13,  1.031187E-08,  5.927716E-03,  2.291184E-05,  7.617171E-11
    4.569795E+08,  1.274291E-02,  3.024462E+03,  3.332950E+07,  1.554172E+19,  6.970360E-01,  5.310555E-06,  2.822162E-01,  6.005068E-09,  1.212737E-12,  1.357636E-03,  3.409794E-04,  2.806568E-07,  1.309248E-02,  4.995172E-07,  1.991346E-13,  9.450548E-09,  5.927751E-03,  2.288128E-05,  6.933131E-11
    4.570742E+08,  1.373134E-02,  3.000080E+03,  3.315181E+07,  1.533426E+19,  6.970381E-01,  5.355276E-06,  2.822155E-01,  5.959274E-09,  1.133031E-12,  1.366583E-03,  3.411235E-04,  2.607643E-07,  1.308190E-02,  5.000761E-07,  1.693534E-13,  8.650851E-09,  5.927784E-03,  2.285290E-05,  6.301987E-11
    4.571697E+08,  1.472742E-02,  2.975588E+03,  3.297281E+07,  1.512697E+19,  6.970403E-01,  5.398836E-06,  2.822148E-01,  5.910171E-09,  1.056987E-12,  1.377916E-03,  3.369567E-04,  2.424100E-07,  1.307318E-02,  5.007349E-07,  1.439173E-13,  7.909857E-09,  5.927814E-03,  2.282641E-05,  5.720338E-11
    4.572660E+08,  1.573129E-02,  2.950983E+03,  3.279248E+07,  1.491986E+19,  6.970422E-01,  5.441171E-06,  2.822142E-01,  5.857718E-09,  9.845320E-13,  1.385811E-03,  3.371490E-04,  2.245074E-07,  1.306378E-02,  5.013548E-07,  1.216855E-13,  7.222477E-09,  5.927841E-03,  2.280206E-05,  5.184956E-11
    4.573630E+08,  1.674312E-02,  2.926262E+03,  3.261078E+07,  1.471292E+19,  6.970441E-01,  5.482225E-06,  2.822137E-01,  5.801889E-09,  9.155928E-13,  1.395745E-03,  3.333445E-04,  2.079697E-07,  1.305630E-02,  5.020870E-07,  1.027697E-13,  6.586917E-09,  5.927867E-03,  2.277941E-05,  4.692779E-11
    4.574609E+08,  1.776305E-02,  2.901425E+03,  3.242767E+07,  1.450616E+19,  6.970458E-01,  5.521946E-06,  2.822131E-01,  5.742665E-09,  8.500927E-13,  1.403237E-03,  3.326680E-04,  1.920629E-07,  1.304830E-02,  5.027915E-07,  8.640903E-14,  5.998721E-09,  5.927890E-03,  2.275860E-05,  4.240902E-11
    4.575595E+08,  1.879127E-02,  2.876468E+03,  3.224315E+07,  1.429958E+19,  6.970474E-01,  5.560292E-06,  2.822126E-01,  5.680037E-09,  7.879525E-13,  1.410313E-03,  3.319833E-04,  1.770861E-07,  1.304080E-02,  5.035196E-07,  7.243167E-14,  5.455461E-09,  5.927911E-03,  2.273941E-05,  3.826577E-11
    4.576590E+08,  1.982793E-02,  2.851389E+03,  3.205716E+07,  1.409317E+19,  6.970489E-01,  5.597227E-06,  2.822122E-01,  5.614005E-09,  7.290907E-13,  1.418271E-03,  3.289736E-04,  1.631562E-07,  1.303477E-02,  5.043574E-07,  6.058065E-14,  4.954677E-09,  5.927930E-03,  2.272167E-05,  3.447202E-11
    4.577593E+08,  2.087322E-02,  2.826185E+03,  3.186968E+07,  1.388694E+19,  6.970502E-01,  5.632721E-06,  2.822118E-01,  5.544579E-09,  6.734229E-13,  1.424549E-03,  3.282052E-04,  1.499341E-07,  1.302828E-02,  5.051429E-07,  5.046111E-14,  4.492898E-09,  5.927948E-03,  2.270541E-05,  3.100318E-11
    4.578604E+08,  2.192733E-02,  2.800855E+03,  3.168067E+07,  1.368090E+19,  6.970515E-01,  5.666753E-06,  2.822114E-01,  5.471774E-09,  6.208620E-13,  1.430994E-03,  3.264074E-04,  1.376018E-07,  1.302271E-02,  5.059967E-07,  4.191074E-14,  4.068092E-09,  5.927964E-03,  2.269046E-05,  2.783601E-11
    4.579625E+08,  2.299047E-02,  2.775395E+03,  3.149010E+07,  1.347503E+19,  6.970527E-01,  5.699309E-06,  2.822111E-01,  5.395618E-09,  5.713200E-13,  1.437521E-03,  3.236816E-04,  1.261042E-07,  1.301804E-02,  5.069815E-07,  3.470363E-14,  3.677800E-09,  5.927979E-03,  2.267673E-05,  2.494868E-11
    4.580654E+08,  2.406306E-02,  2.749801E+03,  3.129793E+07,  1.326935E+19,  6.970538E-01,  5.730380E-06,  2.822107E-01,  5.316143E-09,  5.247054E-13,  1.442575E-03,  3.231109E-04,  1.152739E-07,  1.301277E-02,  5.078060E-07,  2.861537E-14,  3.319307E-09,  5.927992E-03,  2.266420E-05,  2.232057E-11
    4.581693E+08,  2.514532E-02,  2.724073E+03,  3.110412E+07,  1.306385E+19,  6.970548E-01,  5.759967E-06,  2.822104E-01,  5.233386E-09,  4.809233E-13,  1.447842E-03,  3.214444E-04,  1.052245E-07,  1.300843E-02,  5.087619E-07,  2.352139E-14,  2.990862E-09,  5.928005E-03,  2.265272E-05,  1.993216E-11
    4.582741E+08,  2.623749E-02,  2.698209E+03,  3.090864E+07,  1.285854E+19,  6.970558E-01,  5.788076E-06,  2.822101E-01,  5.147389E-09,  4.398770E-13,  1.452864E-03,  3.195972E-04,  9.588006E-08,  1.300457E-02,  5.097781E-07,  1.926561E-14,  2.690271E-09,  5.928016E-03,  2.264225E-05,  1.776515E-11
    4.583799E+08,  2.733978E-02,  2.672204E+03,  3.071145E+07,  1.265342E+19,  6.970566E-01,  5.814719E-06,  2.822099E-01,  5.058201E-09,  4.014687E-13,  1.457405E-03,  3.180944E-04,  8.719130E-08,  1.300089E-02,  5.108007E-07,  1.571962E-14,  2.415527E-09,  5.928026E-03,  2.263271E-05,  1.580235E-11
    4.584867E+08,  2.845244E-02,  2.646057E+03,  3.051251E+07,  1.244848E+19,  6.970574E-01,  5.839915E-06,  2.822097E-01,  4.965873E-09,  3.655989E-13,  1.461673E-03,  3.165448E-04,  7.913902E-08,  1.299759E-02,  5.118791E-07,  1.277772E-14,  2.164828E-09,  5.928035E-03,  2.262403E-05,  1.402762E-11
    4.585945E+08,  2.957573E-02,  2.619764E+03,  3.031178E+07,  1.224374E+19,  6.970582E-01,  5.863687E-06,  2.822094E-01,  4.870462E-09,  3.321672E-13,  1.465502E-03,  3.153390E-04,  7.168159E-08,  1.299443E-02,  5.129312E-07,  1.034466E-14,  1.936403E-09,  5.928043E-03,  2.261616E-05,  1.242584E-11
    4.587034E+08,  3.070989E-02,  2.593322E+03,  3.010920E+07,  1.203919E+19,  6.970588E-01,  5.886064E-06,  2.822093E-01,  4.772028E-09,  3.010722E-13,  1.469053E-03,  3.141760E-04,  6.479570E-08,  1.299154E-02,  5.139980E-07,  8.341100E-15,  1.728641E-09,  5.928050E-03,  2.260902E-05,  1.098287E-11
    4.588133E+08,  3.185521E-02,  2.566727E+03,  2.990474E+07,  1.183484E+19,  6.970595E-01,  5.907078E-06,  2.822091E-01,  4.670636E-09,  2.722125E-13,  1.472375E-03,  3.129781E-04,  5.845128E-08,  1.298896E-02,  5.151034E-07,  6.697801E-15,  1.539999E-09,  5.928057E-03,  2.260257E-05,  9.685466E-12
    4.589243E+08,  3.301195E-02,  2.539976E+03,  2.969833E+07,  1.163067E+19,  6.970600E-01,  5.926767E-06,  2.822089E-01,  4.566355E-09,  2.454864E-13,  1.475333E-03,  3.120829E-04,  5.261173E-08,  1.298648E-02,  5.161911E-07,  5.354785E-15,  1.369003E-09,  5.928063E-03,  2.259674E-05,  8.521290E-12
    4.590365E+08,  3.418041E-02,  2.513064E+03,  2.948994E+07,  1.142671E+19,  6.970605E-01,  5.945171E-06,  2.822088E-01,  4.459257E-09,  2.207925E-13,  1.478196E-03,  3.109122E-04,  4.725648E-08,  1.298441E-02,  5.173494E-07,  4.262541E-15,  1.214319E-09,  5.928068E-03,  2.259149E-05,  7.478824E-12
    4.591498E+08,  3.536090E-02,  2.485989E+03,  2.927949E+07,  1.122295E+19,  6.970610E-01,  5.962332E-06,  2.822086E-01,  4.349423E-09,  1.980304E-13,  1.480714E-03,  3.100743E-04,  4.234717E-08,  1.298238E-02,  5.184934E-07,  3.377303E-15,  1.074628E-09,  5.928073E-03,  2.258677E-05,  6.547353E-12
    4.592644E+08,  3.655374E-02,  2.458747E+03,  2.906695E+07,  1.101938E+19,  6.970614E-01,  5.978297E-06,  2.822085E-01,  4.236939E-09,  1.771004E-13,  1.483104E-03,  3.090955E-04,  3.786186E-08,  1.298065E-02,  5.196083E-07,  2.663418E-15,  9.487494E-10,  5.928077E-03,  2.258254E-05,  5.716914E-12
    4.593801E+08,  3.775929E-02,  2.431331E+03,  2.885223E+07,  1.081602E+19,  6.970618E-01,  5.993113E-06,  2.822084E-01,  4.121899E-09,  1.579041E-13,  1.485220E-03,  3.083466E-04,  3.376878E-08,  1.297899E-02,  5.208051E-07,  2.090052E-15,  8.355360E-10,  5.928081E-03,  2.257876E-05,  4.978257E-12
    4.594972E+08,  3.897796E-02,  2.403737E+03,  2.863528E+07,  1.061287E+19,  6.970622E-01,  6.006830E-06,  2.822083E-01,  4.004406E-09,  1.403441E-13,  1.487204E-03,  3.075256E-04,  3.004458E-08,  1.297756E-02,  5.217979E-07,  1.631853E-15,  7.339400E-10,  5.928084E-03,  2.257538E-05,  4.322795E-12
    4.596155E+08,  4.021009E-02,  2.375960E+03,  2.841602E+07,  1.040992E+19,  6.970625E-01,  6.019499E-06,  2.822082E-01,  3.884578E-09,  1.243255E-13,  1.488962E-03,  3.068793E-04,  2.666158E-08,  1.297621E-02,  5.230328E-07,  1.267350E-15,  6.429637E-10,  5.928087E-03,  2.257237E-05,  3.742604E-12
    4.597352E+08,  4.145607E-02,  2.347994E+03,  2.819438E+07,  1.020718E+19,  6.970628E-01,  6.031170E-06,  2.822082E-01,  3.762553E-09,  1.097559E-13,  1.490593E-03,  3.062027E-04,  2.359720E-08,  1.297503E-02,  5.238227E-07,  0.000000E+00,  5.616935E-10,  5.928090E-03,  2.256970E-05,  3.230378E-12
    4.598563E+08,  4.271631E-02,  2.319836E+03,  2.797030E+07,  1.000465E+19,  6.970630E-01,  6.041894E-06,  2.822081E-01,  3.638490E-09,  9.654488E-14,  1.492042E-03,  3.056509E-04,  2.082710E-08,  1.297394E-02,  5.250295E-07,  0.000000E+00,  4.892669E-10,  5.928092E-03,  2.256733E-05,  2.779384E-12
    4.599788E+08,  4.399122E-02,  2.291480E+03,  2.774369E+07,  9.802337E+18,  6.970633E-01,  6.051723E-06,  2.822080E-01,  3.512575E-09,  8.460472E-14,  1.493368E-03,  3.051073E-04,  1.832989E-08,  1.297298E-02,  5.257174E-07,  0.000000E+00,  4.248881E-10,  5.928094E-03,  2.256524E-05,  2.383425E-12
    4.601028E+08,  4.528123E-02,  2.262919E+03,  2.751447E+07,  9.600237E+18,  6.970635E-01,  6.060745E-06,  2.822080E-01,  3.384727E-09,  7.380500E-14,  1.494553E-03,  3.046353E-04,  1.608413E-08,  1.297211E-02,  5.265525E-07,  0.000000E+00,  3.678133E-10,  5.928096E-03,  2.256340E-05,  2.036810E-12
    4.602283E+08,  4.658701E-02,  2.234149E+03,  2.728257E+07,  9.398354E+18,  6.970637E-01,  6.068978E-06,  2.822079E-01,  3.255360E-09,  6.410361E-14,  1.495617E-03,  3.042118E-04,  1.407008E-08,  1.297133E-02,  5.275007E-07,  0.000000E+00,  3.173573E-10,  5.928097E-03,  2.256179E-05,  1.734341E-12
    4.603554E+08,  4.790921E-02,  2.205165E+03,  2.704790E+07,  9.196692E+18,  6.970638E-01,  6.076456E-06,  2.822079E-01,  3.124886E-09,  5.543827E-14,  1.496579E-03,  3.038103E-04,  1.226897E-08,  1.297064E-02,  5.274253E-07,  0.000000E+00,  2.728840E-10,  5.928099E-03,  2.256037E-05,  1.471256E-12
    4.604842E+08,  4.924834E-02,  2.175963E+03,  2.681039E+07,  8.995253E+18,  6.970640E-01,  6.083230E-06,  2.822078E-01,  2.993651E-09,  4.773020E-14,  1.497430E-03,  3.034689E-04,  1.066275E-08,  1.297001E-02,  5.281743E-07,  0.000000E+00,  2.338016E-10,  5.928100E-03,  2.255914E-05,  1.243190E-12
    4.606146E+08,  5.060498E-02,  2.146535E+03,  2.656993E+07,  8.794038E+18,  6.970641E-01,  6.089347E-06,  2.822078E-01,  2.862058E-09,  4.090363E-14,  1.498189E-03,  3.031604E-04,  9.234623E-09,  1.296946E-02,  5.286477E-07,  0.000000E+00,  1.995653E-10,  5.928101E-03,  2.255807E-05,  1.046174E-12
    4.607468E+08,  5.197983E-02,  2.116873E+03,  2.632641E+07,  8.593052E+18,  6.970642E-01,  6.094855E-06,  2.822078E-01,  2.730561E-09,  3.488563E-14,  1.498868E-03,  3.028766E-04,  7.968731E-09,  1.296898E-02,  5.279761E-07,  0.000000E+00,  1.696720E-10,  5.928101E-03,  2.255714E-05,  8.765976E-13
    4.608808E+08,  5.337352E-02,  2.086969E+03,  2.607972E+07,  8.392295E+18,  6.970643E-01,  6.099800E-06,  2.822077E-01,  2.599678E-09,  2.960643E-14,  1.499466E-03,  3.026330E-04,  6.850156E-09,  1.296854E-02,  5.281144E-07,  0.000000E+00,  1.436602E-10,  5.928102E-03,  2.255634E-05,  7.311935E-13
    4.610167E+08,  5.478671E-02,  2.056815E+03,  2.582973E+07,  8.191772E+18,  6.970644E-01,  6.104223E-06,  2.822077E-01,  2.469991E-09,  2.499962E-14,  1.499994E-03,  3.024171E-04,  5.865106E-09,  1.296816E-02,  5.280643E-07,  0.000000E+00,  1.211085E-10,  5.928103E-03,  2.255565E-05,  6.070197E-13
    4.611545E+08,  5.622009E-02,  2.026403E+03,  2.557632E+07,  7.991486E+18,  6.970645E-01,  6.108168E-06,  2.822077E-01,  2.342146E-09,  2.100182E-14,  1.500458E-03,  3.022263E-04,  5.000694E-09,  1.296782E-02,  5.277925E-07,  0.000000E+00,  1.016317E-10,  5.928104E-03,  2.255506E-05,  5.014263E-13
    4.612944E+08,  5.767443E-02,  1.995724E+03,  2.531937E+07,  7.791439E+18,  6.970646E-01,  6.111673E-06,  2.822077E-01,  2.216840E-09,  1.755274E-14,  1.500866E-03,  3.020588E-04,  4.244942E-09,  1.296753E-02,  5.273674E-07,  0.000000E+00,  8.487810E-11,  5.928104E-03,  2.255455E-05,  4.120334E-13
    4.614364E+08,  5.915050E-02,  1.964768E+03,  2.505872E+07,  7.591634E+18,  6.970646E-01,  6.114776E-06,  2.822077E-01,  2.094817E-09,  1.459521E-14,  1.501222E-03,  3.019122E-04,  3.586750E-09,  1.296727E-02,  5.267447E-07,  0.000000E+00,  7.052824E-11,  5.928104E-03,  2.255412E-05,  3.367108E-13
    4.615806E+08,  6.064914E-02,  1.933526E+03,  2.479424E+07,  7.392075E+18,  6.970647E-01,  6.117513E-06,  2.822076E-01,  1.976848E-09,  1.207521E-14,  1.501533E-03,  3.017846E-04,  3.015853E-09,  1.296705E-02,  5.260059E-07,  0.000000E+00,  5.829220E-11,  5.928105E-03,  2.255376E-05,  2.735581E-13
    4.617271E+08,  6.217124E-02,  1.901986E+03,  2.452574E+07,  7.192765E+18,  6.970647E-01,  6.119917E-06,  2.822076E-01,  1.863714E-09,  9.941953E-15,  1.501802E-03,  3.016743E-04,  2.522797E-09,  1.296686E-02,  5.252538E-07,  0.000000E+00,  4.790791E-11,  5.928105E-03,  2.255345E-05,  2.208855E-13
    4.618760E+08,  6.371790E-02,  1.870138E+03,  2.425306E+07,  6.993708E+18,  6.970648E-01,  6.122021E-06,  2.822076E-01,  1.756178E-09,  8.147924E-15,  1.502034E-03,  3.015794E-04,  2.098882E-09,  1.296669E-02,  5.245495E-07,  0.000000E+00,  3.913895E-11,  5.928105E-03,  2.255319E-05,  1.771956E-13
    4.620274E+08,  6.529016E-02,  1.837965E+03,  2.397600E+07,  6.794908E+18,  6.970648E-01,  6.123853E-06,  2.822076E-01,  1.654957E-09,  6.649012E-15,  1.502234E-03,  3.014979E-04,  1.736137E-09,  1.296654E-02,  5.237926E-07,  0.000000E+00,  3.177290E-11,  5.928106E-03,  2.255297E-05,  1.411668E-13
    4.621814E+08,  6.688944E-02,  1.805456E+03,  2.369434E+07,  6.596367E+18,  6.970648E-01,  6.125443E-06,  2.822076E-01,  1.560708E-09,  5.404779E-15,  1.502405E-03,  3.014284E-04,  1.427327E-09,  1.296642E-02,  5.230997E-07,  0.000000E+00,  2.562045E-11,  5.928106E-03,  2.255279E-05,  1.116422E-13
    4.623382E+08,  6.851722E-02,  1.772600E+03,  2.340792E+07,  6.398092E+18,  6.970648E-01,  6.126815E-06,  2.822076E-01,  1.473986E-09,  4.378342E-15,  1.502551E-03,  3.013695E-04,  1.165867E-09,  1.296632E-02,  5.224123E-07,  0.000000E+00,  2.051274E-11,  5.928106E-03,  2.255263E-05,  8.760899E-14
    4.624979E+08,  7.017481E-02,  1.739385E+03,  2.311651E+07,  6.200085E+18,  6.970649E-01,  6.127993E-06,  2.822076E-01,  1.395206E-09,  3.536334E-15,  1.502675E-03,  3.013197E-04,  9.457605E-10,  1.296622E-02,  5.217715E-07,  0.000000E+00,  1.629931E-11,  5.928106E-03,  2.255250E-05,  6.818312E-14
    4.626606E+08,  7.186361E-02,  1.705796E+03,  2.281987E+07,  6.002352E+18,  6.970649E-01,  6.129000E-06,  2.822076E-01,  1.324635E-09,  2.849033E-15,  1.502780E-03,  3.012780E-04,  7.615915E-10,  1.296615E-02,  5.211982E-07,  0.000000E+00,  1.284705E-11,  5.928106E-03,  2.255239E-05,  5.259852E-14
    4.628265E+08,  7.358517E-02,  1.671815E+03,  2.251774E+07,  5.804896E+18,  6.970649E-01,  6.129856E-06,  2.822076E-01,  1.262368E-09,  2.290325E-15,  1.502869E-03,  3.012433E-04,  6.084899E-10,  1.296608E-02,  5.206882E-07,  0.000000E+00,  1.003887E-11,  5.928106E-03,  2.255230E-05,  4.019523E-14
    4.629957E+08,  7.534135E-02,  1.637422E+03,  2.220979E+07,  5.607723E+18,  6.970649E-01,  6.130581E-06,  2.822076E-01,  1.208333E-09,  1.837574E-15,  1.502943E-03,  3.012145E-04,  4.820914E-10,  1.296603E-02,  5.202598E-07,  0.000000E+00,  7.772149E-12,  5.928107E-03,  2.255222E-05,  3.040769E-14
    4.631685E+08,  7.713397E-02,  1.602594E+03,  2.189570E+07,  5.410839E+18,  6.970649E-01,  6.131190E-06,  2.822076E-01,  1.162292E-09,  1.471464E-15,  1.503005E-03,  3.011908E-04,  3.785077E-10,  1.296598E-02,  5.198673E-07,  0.000000E+00,  5.957555E-12,  5.928107E-03,  2.255215E-05,  2.275451E-14
    4.633451E+08,  7.896498E-02,  1.567311E+03,  2.157512E+07,  5.214248E+18,  6.970649E-01,  6.131701E-06,  2.822076E-01,  1.123857E-09,  1.175776E-15,  1.503058E-03,  3.011715E-04,  2.942984E-10,  1.296594E-02,  5.195380E-07,  0.000000E+00,  4.517853E-12,  5.928107E-03,  2.255209E-05,  1.682918E-14
    4.635256E+08,  8.083654E-02,  1.531549E+03,  2.124766E+07,  5.017956E+18,  6.970650E-01,  6.132126E-06,  2.822076E-01,  1.092517E-09,  9.370684E-16,  1.503101E-03,  3.011558E-04,  2.264301E-10,  1.296591E-02,  5.192613E-07,  0.000000E+00,  3.386591E-12,  5.928107E-03,  2.255204E-05,  1.229038E-14
    4.637104E+08,  8.275100E-02,  1.495281E+03,  2.091290E+07,  4.821970E+18,  6.970650E-01,  6.132480E-06,  2.822076E-01,  1.067660E-09,  7.443455E-16,  1.503138E-03,  3.011431E-04,  1.722412E-10,  1.296588E-02,  5.190315E-07,  0.000000E+00,  2.506944E-12,  5.928107E-03,  2.255198E-05,  8.853633E-15
    4.638996E+08,  8.471146E-02,  1.458479E+03,  2.057037E+07,  4.626296E+18,  6.970650E-01,  6.132773E-06,  2.822076E-01,  1.048612E-09,  5.887271E-16,  1.503169E-03,  3.011330E-04,  1.294148E-10,  1.296585E-02,  5.188435E-07,  0.000000E+00,  1.830718E-12,  5.928107E-03,  2.255194E-05,  6.283954E-15
    4.640937E+08,  8.672163E-02,  1.421115E+03,  2.021959E+07,  4.430942E+18,  6.970650E-01,  6.133016E-06,  2.822076E-01,  1.034657E-09,  4.630868E-16,  1.503195E-03,  3.011250E-04,  9.594097E-11,  1.296583E-02,  5.186929E-07,  0.000000E+00,  1.317263E-12,  5.928107E-03,  2.255189E-05,  4.388657E-15
    4.642930E+08,  8.878482E-02,  1.383157E+03,  1.985999E+07,  4.235914E+18,  6.970650E-01,  6.133218E-06,  2.822076E-01,  1.025079E-09,  3.617368E-16,  1.503218E-03,  3.011187E-04,  7.008898E-11,  1.296581E-02,  5.185732E-07,  0.000000E+00,  9.325950E-13,  5.928107E-03,  2.255184E-05,  3.011323E-15
    4.644978E+08,  9.090468E-02,  1.344565E+03,  1.949093E+07,  4.041221E+18,  6.970650E-01,  6.133388E-06,  2.822075E-01,  1.019184E-09,  2.801581E-16,  1.503238E-03,  3.011137E-04,  5.038502E-11,  1.296579E-02,  5.184800E-07,  0.000000E+00,  6.486326E-13,  5.928107E-03,  2.255179E-05,  2.026575E-15
    4.647086E+08,  9.308531E-02,  1.305299E+03,  1.911170E+07,  3.846870E+18,  6.970650E-01,  6.133534E-06,  2.822075E-01,  1.016324E-09,  2.147443E-16,  1.503257E-03,  3.011098E-04,  3.558325E-11,  1.296578E-02,  5.184088E-07,  0.000000E+00,  4.423860E-13,  5.928108E-03,  2.255173E-05,  1.335018E-15
    4.649258E+08,  9.533158E-02,  1.265310E+03,  1.872147E+07,  3.652873E+18,  6.970650E-01,  6.133662E-06,  2.822075E-01,  1.015910E-09,  1.625939E-16,  1.503274E-03,  3.011067E-04,  2.464043E-11,  1.296576E-02,  5.183553E-07,  0.000000E+00,  2.952428E-13,  5.928108E-03,  2.255168E-05,  0.000000E+00
    4.651500E+08,  9.764889E-02,  1.224537E+03,  1.831928E+07,  3.459237E+18,  6.970650E-01,  6.133779E-06,  2.822075E-01,  1.017427E-09,  1.213473E-16,  1.503292E-03,  3.011042E-04,  1.669267E-11,  1.296574E-02,  5.183158E-07,  0.000000E+00,  1.923296E-13,  5.928108E-03,  2.255161E-05,  0.000000E+00
    4.653819E+08,  1.000437E-01,  1.182920E+03,  1.790406E+07,  3.265975E+18,  6.970650E-01,  6.133886E-06,  2.822075E-01,  1.020435E-09,  8.906760E-17,  1.503308E-03,  3.011023E-04,  1.103433E-11,  1.296572E-02,  5.182873E-07,  0.000000E+00,  1.219414E-13,  5.928108E-03,  2.255154E-05,  0.000000E+00
    4.656222E+08,  1.025242E-01,  1.140402E+03,  1.747467E+07,  3.073098E+18,  6.970650E-01,  6.133994E-06,  2.822075E-01,  1.024564E-09,  6.413967E-17,  1.503327E-03,  3.011006E-04,  7.095713E-12,  1.296570E-02,  5.182671E-07,  0.000000E+00,  7.499686E-14,  5.928109E-03,  2.255146E-05,  0.000000E+00
    4.658718E+08,  1.050991E-01,  1.096903E+03,  1.702973E+07,  2.880618E+18,  6.970650E-01,  6.134121E-06,  2.822075E-01,  1.029517E-09,  4.519452E-17,  1.503348E-03,  3.010990E-04,  4.422483E-12,  1.296568E-02,  5.182529E-07,  0.000000E+00,  4.455975E-14,  5.928109E-03,  2.255136E-05,  0.000000E+00
    4.661317E+08,  1.077782E-01,  1.052327E+03,  1.656752E+07,  2.688551E+18,  6.970651E-01,  6.134275E-06,  2.822075E-01,  1.035067E-09,  3.106825E-17,  1.503376E-03,  3.010974E-04,  2.659380E-12,  1.296565E-02,  5.182431E-07,  0.000000E+00,  2.544875E-14,  5.928109E-03,  2.255123E-05,  0.000000E+00
    4.664031E+08,  1.105725E-01,  1.006566E+03,  1.608610E+07,  2.496913E+18,  6.970651E-01,  6.134482E-06,  2.822075E-01,  1.041044E-09,  2.077242E-17,  1.503412E-03,  3.010955E-04,  1.534387E-12,  1.296561E-02,  5.182360E-07,  0.000000E+00,  1.388534E-14,  5.928110E-03,  2.255105E-05,  0.000000E+00
    4.666874E+08,  1.123390E-01,  9.594884E+02,  1.558304E+07,  2.305720E+18,  6.970651E-01,  6.134729E-06,  2.822075E-01,  1.051159E-09,  1.400362E-17,  1.503455E-03,  3.010934E-04,  8.876478E-13,  1.296556E-02,  5.182310E-07,  0.000000E+00,  7.602542E-15,  5.928111E-03,  2.255084E-05,  0.000000E+00
    4.669886E+08,  1.124017E-01,  9.047296E+02,  1.515235E+07,  2.114993E+18,  6.999592E-01,  3.002831E-05,  2.800051E-01,  8.342113E-12,  7.439941E-20,  5.933198E-03,  7.113589E-05,  2.185037E-12,  8.001067E-03,  2.795063E-07,  0.000000E+00,  2.795129E-15,  5.999542E-03,  4.873793E-07,  0.000000E+00
    4.673107E+08,  1.124347E-01,  8.449175E+02,  1.483020E+07,  1.924758E+18,  6.999678E-01,  2.629789E-05,  2.800024E-01,  4.981072E-12,  3.124779E-20,  5.958049E-03,  4.498128E-05,  1.395554E-12,  8.000292E-03,  2.241576E-07,  0.000000E+00,  1.703389E-15,  5.999616E-03,  4.079587E-07,  0.000000E+00
    4.676576E+08,  1.124698E-01,  7.833084E+02,  1.448891E+07,  1.735049E+18,  6.999753E-01,  2.162432E-05,  2.800010E-01,  2.690663E-12,  1.146883E-20,  5.974991E-03,  2.694130E-05,  8.515854E-13,  8.000004E-03,  1.715106E-07,  0.000000E+00,  0.000000E+00,  5.999684E-03,  3.360592E-07,  0.000000E+00
    4.680345E+08,  1.125078E-01,  7.197542E+02,  1.412286E+07,  1.545902E+18,  6.999817E-01,  1.679472E-05,  2.800003E-01,  1.311075E-12,  3.637834E-21,  5.986012E-03,  1.511456E-05,  4.914551E-13,  7.999924E-03,  1.265616E-07,  0.000000E+00,  0.000000E+00,  5.999747E-03,  2.685631E-07,  0.000000E+00
    4.684487E+08,  1.125494E-01,  6.539887E+02,  1.372614E+07,  1.357366E+18,  6.999869E-01,  1.233678E-05,  2.800001E-01,  5.700473E-13,  9.753139E-22,  5.992780E-03,  7.816474E-06,  2.644413E-13,  7.999921E-03,  9.139165E-08,  0.000000E+00,  0.000000E+00,  5.999805E-03,  2.075770E-07,  0.000000E+00
    4.689103E+08,  1.125956E-01,  5.856739E+02,  1.329045E+07,  1.169497E+18,  6.999911E-01,  8.544783E-06,  2.800000E-01,  2.165984E-13,  2.129191E-22,  5.996643E-03,  3.638768E-06,  1.299298E-13,  7.999938E-03,  6.447796E-08,  0.000000E+00,  0.000000E+00,  5.999856E-03,  1.527546E-07,  0.000000E+00
    4.694348E+08,  1.126478E-01,  5.143709E+02,  1.280336E+07,  9.823696E+17,  6.999944E-01,  5.495178E-06,  2.800000E-01,  6.890525E-14,  3.535550E-23,  5.998645E-03,  1.470222E-06,  5.644685E-14,  7.999957E-03,  4.447368E-08,  0.000000E+00,  0.000000E+00,  5.999900E-03,  1.067656E-07,  0.000000E+00
    4.700472E+08,  1.127085E-01,  4.394420E+02,  1.224511E+07,  7.960822E+17,  6.999968E-01,  3.195281E-06,  2.800000E-01,  1.707568E-14,  3.984496E-24,  5.999553E-03,  4.850264E-07,  2.055681E-14,  7.999973E-03,  2.802787E-08,  0.000000E+00,  0.000000E+00,  5.999938E-03,  6.644153E-08,  0.000000E+00
    4.707928E+08,  1.127820E-01,  3.599247E+02,  1.158136E+07,  6.107726E+17,  6.999984E-01,  1.596418E-06,  2.800000E-01,  2.881935E-15,  2.468908E-25,  5.999892E-03,  1.171136E-07,  5.696447E-15,  7.999986E-03,  1.513494E-08,  0.000000E+00,  0.000000E+00,  5.999967E-03,  3.517524E-08,  0.000000E+00
    4.717678E+08,  1.128770E-01,  2.742158E+02,  1.074446E+07,  4.266526E+17,  6.999994E-01,  5.935219E-07,  2.800000E-01,  2.403839E-16,  5.195702E-27,  5.999985E-03,  1.626461E-08,  0.000000E+00,  7.999995E-03,  5.592684E-09,  0.000000E+00,  0.000000E+00,  5.999988E-03,  1.279582E-08,  0.000000E+00
    4.753730E+08,  1.132395E-01,  1.368362E+02,  8.569100E+06,  1.662945E+17,  6.999999E-01,  1.282218E-07,  2.800000E-01,  4.578829E-19,  1.500492E-31,  6.000000E-03,  4.119476E-30,  0.000000E+00,  8.000000E-03,  3.838620E-32,  0.000000E+00,  0.000000E+00,  6.000000E-03,  9.169421E-30,  0.000000E+00
