      195312.5000000000          40006463.00937669    
      585937.5000000000          40045129.19133274    
      976562.5000000000          40122183.97497510    
      1367187.500000000          40237141.24074841    
      1757812.500000000          40388967.29709707    
      2148437.500000000          40576071.78764819    
      2539062.500000000          40796213.22893417    
      2929687.500000000          41046036.22087790    
      3320312.500000000          41332768.86856012    
      3710937.500000000          41647124.40082758    
      4101562.500000000          41971944.05574849    
      4492187.500000000          42305258.60906435    
      4882812.500000000          42641552.02599132    
      5273437.500000000          42990172.17659485    
      5664062.500000000          43432760.47787442    
      6054687.500000000          43915576.86709351    
      6445312.500000000          44390703.66454592    
      6835937.500000000          45051028.24115604    
      7226562.500000000          46638161.45598148    
      7617187.500000000          46635893.26506437    
      8007812.500000000          44690242.79131907    
      8398437.500000000          43863739.98349468    
      8789062.500000000          42375374.29263546    
      9179687.500000000          39813757.61062320    
      9570312.500000000          37271218.71542557    
      9960937.500000000          35403693.04274943    
      10351562.50000000          34146769.79962676    
      10742187.50000000          33329912.70959688    
      11132812.50000000          32821058.64766841    
      11523437.50000000          32559391.41216195    
      11914062.50000000          32421726.96553769    
      12304687.50000000          32362799.38229635    
      12695312.50000000          32348554.59140132    
      13085937.50000000          32359108.79787847    
      13476562.50000000          32383577.57575999    
      13867187.50000000          32416572.52656219    
      14257812.50000000          32454054.39620965    
      14648437.50000000          32494843.46800268    
      15039062.50000000          32537417.20546804    
      15429687.50000000          32581347.45866572    
      15820312.50000000          32626633.29697531    
      16210937.50000000          32672727.50316727    
      16601562.50000000          32719030.29937386    
      16992187.50000000          32767613.19221843    
      17382812.50000000          32816518.21114499    
      17773437.50000000          32863422.86406409    
      18164062.50000000          32923273.62263888    
      18554687.50000000          32965512.77124214    
      18945312.50000000          33019178.45658903    
      19335937.50000000          33084652.55397918    
      19726562.50000000          33128358.96059374    
      20117187.50000000          33183893.90933586    
      20507812.50000000          33240450.79260626    
      20898437.50000000          33298057.59512361    
      21289062.50000000          33356571.15427109    
      21679687.50000000          33415679.36622032    
      22070312.50000000          33475877.29544754    
      22460937.50000000          33536861.63774006    
      22851562.50000000          33598738.81773086    
      23242187.50000000          33661582.44018621    
      23632812.50000000          33725166.77421741    
      24023437.50000000          33789475.47988921    
      24414062.50000000          33854713.34454612    
      24804687.50000000          33920770.95668326    
      25195312.50000000          33987635.14920553    
      25585937.50000000          34055251.02834493    
      25976562.50000000          34123646.67396060    
      26367187.50000000          34192822.94722731    
      26757812.50000000          34262768.69475453    
      27148437.50000000          34333473.24425180    
      27539062.50000000          34404926.07922950    
      27929687.50000000          34477117.16982415    
      28320312.50000000          34550037.13762478    
      28710937.50000000          34623709.22513764    
      29101562.50000000          34698059.61018570    
      29492187.50000000          34773071.96952739    
      29882812.50000000          34848816.11259509    
      30273437.50000000          34925247.70954125    
      30664062.50000000          35002358.57750615    
      31054687.50000000          35080140.54754129    
      31445312.50000000          35158585.63981471    
      31835937.50000000          35237686.62078818    
      32226562.50000000          35317436.46212380    
      32617187.50000000          35397827.86837912    
      33007812.50000000          35478853.31200549    
      33398437.50000000          35560525.51080869    
      33789062.50000000          35642761.31833309    
      34179687.50000000          35725641.24799264    
      34570312.50000000          35809128.21063353    
      34960937.50000000          35893215.73110569    
      35351562.50000000          35977911.07872923    
      35742187.50000000          36063153.93242568    
      36132812.50000000          36148997.51968098    
      36523437.50000000          36235416.01076587    
      36914062.50000000          36322403.76190285    
      37304687.50000000          36409950.82312213    
      37695312.50000000          36498056.01578778    
      38085937.50000000          36586708.98731294    
      38476562.50000000          36675905.83757471    
      38867187.50000000          36765646.69639838    
      39257812.50000000          36855922.11010951    
      39648437.50000000          36946725.28716220    
      40039062.50000000          37038054.67529084    
      40429687.50000000          37129904.60826562    
      40820312.50000000          37222269.51633698    
      41210937.50000000          37315145.44595592    
      41601562.50000000          37408531.75771210    
      41992187.50000000          37502419.79812860    
      42382812.50000000          37596800.72062986    
      42773437.50000000          37691684.24804646    
      43164062.50000000          37787056.76103128    
      43554687.50000000          37882917.48009463    
      43945312.50000000          37979259.98936517    
      44335937.50000000          38076079.20963436    
      44726562.50000000          38173379.43085731    
      45117187.50000000          38271154.83561174    
      45507812.50000000          38369396.21185958    
      45898437.50000000          38468109.59118820    
      46289062.50000000          38567291.69437066    
      46679687.50000000          38666929.20402916    
      47070312.50000000          38767032.88405938    
      47460937.50000000          38867595.19673356    
      47851562.50000000          38968637.95897238    
      48242187.50000000          39070121.44531295    
      48632812.50000000          39172012.52762549    
      49023437.50000000          39274379.02914540    
      49414062.50000000          39377211.66196805    
      49804687.50000000          39480478.12654089    
      50195312.50000000          39584238.19600222    
      50585937.50000000          39688387.99538196    
      50976562.50000000          39793016.53435764    
      51367187.50000000          39898042.89331959    
      51757812.50000000          40003542.16128922    
      52148437.50000000          40109489.46460262    
      52539062.50000000          40215907.18594351    
      52929687.50000000          40322737.11488064    
      53320312.50000000          40429957.55753776    
      53710937.50000000          40537733.01425415    
      54101562.50000000          40645961.22777565    
      54492187.50000000          40754521.66189255    
      54882812.50000000          40863573.74025723    
      55273437.50000000          40973078.59685566    
      55664062.50000000          41083009.75094879    
      56054687.50000000          41193338.55630731    
      56445312.50000000          41304119.66473612    
      56835937.50000000          41415498.04902436    
      57226562.50000000          41527188.69390818    
      57617187.50000000          41639291.41608182    
      58007812.50000000          41752046.46377012    
      58398437.50000000          41865127.11900590    
      58789062.50000000          41978567.90665198    
      59179687.50000000          42092774.30659061    
      59570312.50000000          42207258.72723745    
      59960937.50000000          42322179.21134177    
      60351562.50000000          42437594.30124252    
      60742187.50000000          42553440.18199497    
      61132812.50000000          42669730.97737859    
      61523437.50000000          42786683.43871463    
      61914062.50000000          42903994.00626929    
      62304687.50000000          43021863.30746645    
      62695312.50000000          43140278.02371714    
      63085937.50000000          43259179.01920950    
      63476562.50000000          43378452.61963266    
      63867187.50000000          43498226.59510926    
      64257812.50000000          43618511.16426450    
      64648437.50000000          43739378.44241672    
      65039062.50000000          43860698.02110225    
      65429687.50000000          43982593.22816937    
      65820312.50000000          44105105.37615196    
      66210937.50000000          44228112.44555498    
      66601562.50000000          44351669.79844985    
      66992187.50000000          44475925.77262206    
      67382812.50000000          44600583.39407596    
      67773437.50000000          44725714.66930863    
      68164062.50000000          44851545.77361313    
      68554687.50000000          44977968.23092826    
      68945312.50000000          45104990.60533267    
      69335937.50000000          45232621.72533719    
      69726562.50000000          45360926.38065454    
      70117187.50000000          45489853.96210179    
      70507812.50000000          45619308.70836580    
      70898437.50000000          45749425.03761068    
      71289062.50000000          45880231.39265394    
      71679687.50000000          46011723.22576093    
      72070312.50000000          46143920.85265999    
      72460937.50000000          46276831.11603056    
      72851562.50000000          46410448.49801335    
      73242187.50000000          46544813.71386681    
      73632812.50000000          46679890.61557762    
      74023437.50000000          46815682.23103532    
      74414062.50000000          46952269.93513062    
      74804687.50000000          47089626.68967814    
      75195312.50000000          47227897.29319644    
      75585937.50000000          47366830.71370932    
      75976562.50000000          47506768.87448261    
      76367187.50000000          47647622.56421506    
      76757812.50000000          47789130.05577914    
      77148437.50000000          47931500.35758896    
      77539062.50000000          48075050.53974690    
      77929687.50000000          48219350.01843015    
      78320312.50000000          48364555.59576756    
      78710937.50000000          48510929.05993605    
      79101562.50000000          48658272.15457655    
      79492187.50000000          48806691.76141763    
      79882812.50000000          48956002.21287040    
      80273437.50000000          49106546.98055740    
      80664062.50000000          49258166.98669666    
      81054687.50000000          49410935.08544374    
      81445312.50000000          49564821.44826626    
      81835937.50000000          49720021.31835344    
      82226562.50000000          49876389.51701692    
      82617187.50000000          50034136.84045219    
      83007812.50000000          50193309.67060249    
      83398437.50000000          50353581.57063378    
      83789062.50000000          50515160.47768147    
      84179687.50000000          50678385.60579839    
      84570312.50000000          50843047.53785383    
      84960937.50000000          51009118.14042488    
      85351562.50000000          51176863.65232764    
      85742187.50000000          51346273.00561556    
      86132812.50000000          51517347.65373448    
      86523437.50000000          51690030.61897614    
      86914062.50000000          51864522.41481923    
      87304687.50000000          52040883.63651358    
      87695312.50000000          52219013.55529052    
      88085937.50000000          52399180.07341245    
      88476562.50000000          52581443.44874011    
      88867187.50000000          52765730.98735902    
      89257812.50000000          52952155.12880161    
      89648437.50000000          53140777.10955645    
      90039062.50000000          53331795.55473839    
      90429687.50000000          53524989.32999221    
      90820312.50000000          53720857.88597772    
      91210937.50000000          53919339.99021907    
      91601562.50000000          54120386.90849011    
      91992187.50000000          54324133.34986116    
      92382812.50000000          54530668.55843053    
      92773437.50000000          54740254.88916776    
      93164062.50000000          54952798.90127899    
      93554687.50000000          55168570.71217567    
      93945312.50000000          55387596.90792315    
      94335937.50000000          55610018.03353452    
      94726562.50000000          55835813.91996010    
      95117187.50000000          56065367.58434743    
      95507812.50000000          56298775.23049907    
      95898437.50000000          56536121.24198803    
      96289062.50000000          56777487.25256953    
      96679687.50000000          57023205.03537451    
      97070312.50000000          57273190.58383555    
      97460937.50000000          57527657.26904073    
      97851562.50000000          57787134.81383816    
      98242187.50000000          58051502.56410637    
      98632812.50000000          58320643.99198645    
      99023437.50000000          58595555.76230601    
      99414062.50000000          58876024.37847026    
      99804687.50000000          59161952.30707711    
      100195312.5000000          59453899.53180066    
      100585937.5000000          59751959.69211698    
      100976562.5000000          60057201.06829655    
      101367187.5000000          60368716.83436473    
      101757812.5000000          60687228.82621965    
      102148437.5000000          61012953.34342815    
      102539062.5000000          61346432.27984980    
      102929687.5000000          61687848.62085041    
      103320312.5000000          62037475.08465409    
      103710937.5000000          62395440.44517354    
      104101562.5000000          62762801.22620755    
      104492187.5000000          63139072.14082134    
      104882812.5000000          63525309.27671063    
      105273437.5000000          63920003.89071770    
      105664062.5000000          64328079.81839516    
      106054687.5000000          64745076.65306617    
      106445312.5000000          65174265.55424535    
      106835937.5000000          65615281.63416883    
      107226562.5000000          66068057.42024829    
      107617187.5000000          66534085.29565097    
      108007812.5000000          67013585.22921845    
      108398437.5000000          67506618.84963942    
      108789062.5000000          68014051.06633909    
      109179687.5000000          68536815.85029408    
      109570312.5000000          69072257.81114750    
      109960937.5000000          69628844.21056838    
      110351562.5000000          70198607.68336169    
      110742187.5000000          70787312.71541364    
      111132812.5000000          71393139.44418682    
      111523437.5000000          72015807.93444233    
      111914062.5000000          72659459.15788060    
      112304687.5000000          73321575.28865921    
      112695312.5000000          74003135.99193928    
      113085937.5000000          74705078.91049495    
      113476562.5000000          75425879.35218082    
      113867187.5000000          76170169.24931902    
      114257812.5000000          76934062.85666239    
      114648437.5000000          77720360.99512759    
      115039062.5000000          78525855.69313455    
      115429687.5000000          79355901.45205875    
      115820312.5000000          80209122.19977142    
      116210937.5000000          81079860.88781981    
      116601562.5000000          81978260.30724581    
      116992187.5000000          82897489.37692226    
      117382812.5000000          83839528.97671641    
      117773437.5000000          84803295.14081496    
      118164062.5000000          85791283.58312556    
      118554687.5000000          86802110.64841689    
      118945312.5000000          87833948.51742700    
      119335937.5000000          88891095.03265257    
      119726562.5000000          89967257.24073283    
      120117187.5000000          91066806.15565985    
      120507812.5000000          92188435.64159259    
      120898437.5000000          93331335.46415672    
      121289062.5000000          94498003.57783704    
      121679687.5000000          95695380.81452683    
      122070312.5000000          96935246.57120286    
      122460937.5000000          98225473.33866279    
      122851562.5000000          99555380.60536315    
      123242187.5000000          100924145.6909195    
      123632812.5000000          102327249.9870136    
      124023437.5000000          103761162.8997998    
      124414062.5000000          105222678.8646826    
      124804687.5000000          106711325.5560449    
      125195312.5000000          108226018.9257847    
      125585937.5000000          109765903.3883048    
      125976562.5000000          111332108.1685682    
      126367187.5000000          112926187.5261089    
      126757812.5000000          114549400.5212215    
      127148437.5000000          116205337.8971964    
      127539062.5000000          117895395.2680499    
      127929687.5000000          119624216.7248567    
      128320312.5000000          121395942.6395058    
      128710937.5000000          123213930.2718470    
      129101562.5000000          125081113.6795355    
      129492187.5000000          127008697.9122961    
      129882812.5000000          128994329.5427056    
      130273437.5000000          131051198.3348271    
      130664062.5000000          133184983.3708642    
      131054687.5000000          135405903.5439142    
      131445312.5000000          137712366.7009349    
      131835937.5000000          140125168.5879490    
      132226562.5000000          142650690.0683885    
      132617187.5000000          145300148.7232403    
      133007812.5000000          148083220.2675893    
      133398437.5000000          151014199.7046809    
      133789062.5000000          154108540.9214886    
      134179687.5000000          157380790.0555813    
      134570312.5000000          160846087.1849760    
      134960937.5000000          164520500.7215515    
      135351562.5000000          168422331.9423708    
      135742187.5000000          172570163.7317417    
      136132812.5000000          176980719.2561952    
      136523437.5000000          181674598.1279582    
      136914062.5000000          186673249.9427516    
      137304687.5000000          191976772.5016355    
      137695312.5000000          197619887.7719439    
      138085937.5000000          203609748.0185409    
      138476562.5000000          209920587.1792865    
      138867187.5000000          216633716.6026917    
      139257812.5000000          223718609.9756266    
      139648437.5000000          231183782.5925974    
      140039062.5000000          239019543.5767739    
      140429687.5000000          247240287.2248378    
      140820312.5000000          255843070.8365986    
      141210937.5000000          264805681.6932252    
      141601562.5000000          274155185.2026936    
      141992187.5000000          283822161.4834193    
      142382812.5000000          293831559.6553273    
      142773437.5000000          304160212.4947866    
      143164062.5000000          314838759.9550899    
      143554687.5000000          325911950.2750568    
      143945312.5000000          337490664.3215769    
      144335937.5000000          349678655.7176362    
      144726562.5000000          362698581.9452394    
      145117187.5000000          112245568.5275696    
      145507812.5000000          13474665713.97607    
      145898437.5000000          13474665713.97607    
      146289062.5000000          13474665713.97607    
      146679687.5000000          13474665713.97607    
      147070312.5000000          13474665713.97607    
      147460937.5000000          13474665713.97607    
      147851562.5000000          13474665713.97607    
      148242187.5000000          13474665713.97607    
      148632812.5000000          13474665713.97607    
      149023437.5000000          13474665713.97607    
      149414062.5000000          13474665713.97607    
      149804687.5000000          13474665713.97607    
      150195312.5000000          13474665713.97607    
      150585937.5000000          13474665713.97607    
      150976562.5000000          13474665713.97607    
      151367187.5000000          13474665713.97607    
      151757812.5000000          13474665713.97607    
      152148437.5000000          13474665713.97607    
      152539062.5000000          13474665713.97607    
      152929687.5000000          13474665713.97607    
      153320312.5000000          13474665713.97607    
      153710937.5000000          13474665713.97607    
      154101562.5000000          13474665713.97607    
      154492187.5000000          13474665713.97607    
      154882812.5000000          13474665713.97607    
      155273437.5000000          13474665713.97607    
      155664062.5000000          13474665713.97607    
      156054687.5000000          13474665713.97607    
      156445312.5000000          13474665713.97607    
      156835937.5000000          13474665713.97607    
      157226562.5000000          13474665713.97607    
      157617187.5000000          13474665713.97607    
      158007812.5000000          13474665713.97607    
      158398437.5000000          13474665713.97607    
      158789062.5000000          13474665713.97607    
      159179687.5000000          13474665713.97607    
      159570312.5000000          13474665713.97607    
      159960937.5000000          13474665713.97607    
      160351562.5000000          13474665713.97607    
      160742187.5000000          13474665713.97607    
      161132812.5000000          13474665713.97607    
      161523437.5000000          13474665713.97607    
      161914062.5000000          13474665713.97607    
      162304687.5000000          13474665713.97607    
      162695312.5000000          13474665713.97607    
      163085937.5000000          13474665713.97607    
      163476562.5000000          13474665713.97607    
      163867187.5000000          13474665713.97607    
      164257812.5000000          13474665713.97607    
      164648437.5000000          13474665713.97607    
      165039062.5000000          13474665713.97607    
      165429687.5000000          13474665713.97607    
      165820312.5000000          13474665713.97607    
      166210937.5000000          13474665713.97607    
      166601562.5000000          13474665713.97607    
      166992187.5000000          13474665713.97607    
      167382812.5000000          13474665713.97607    
      167773437.5000000          13474665713.97607    
      168164062.5000000          13474665713.97607    
      168554687.5000000          13474665713.97607    
      168945312.5000000          13474665713.97607    
      169335937.5000000          13474665713.97607    
      169726562.5000000          13474665713.97607    
      170117187.5000000          13474665713.97607    
      170507812.5000000          13474665713.97607    
      170898437.5000000          13474665713.97607    
      171289062.5000000          13474665713.97607    
      171679687.5000000          13474665713.97607    
      172070312.5000000          13474665713.97607    
      172460937.5000000          13474665713.97607    
      172851562.5000000          13474665713.97607    
      173242187.5000000          13474665713.97607    
      173632812.5000000          13474665713.97607    
      174023437.5000000          13474665713.97607    
      174414062.5000000          13474665713.97607    
      174804687.5000000          13474665713.97607    
      175195312.5000000          13474665713.97607    
      175585937.5000000          13474665713.97607    
      175976562.5000000          13474665713.97607    
      176367187.5000000          13474665713.97607    
      176757812.5000000          13474665713.97607    
      177148437.5000000          13474665713.97607    
      177539062.5000000          13474665713.97607    
      177929687.5000000          13474665713.97607    
      178320312.5000000          13474665713.97607    
      178710937.5000000          13474665713.97607    
      179101562.5000000          13474665713.97607    
      179492187.5000000          13474665713.97607    
      179882812.5000000          13474665713.97607    
      180273437.5000000          13474665713.97607    
      180664062.5000000          13474665713.97607    
      181054687.5000000          13474665713.97607    
      181445312.5000000          13474665713.97607    
      181835937.5000000          13474665713.97607    
      182226562.5000000          13474665713.97607    
      182617187.5000000          13474665713.97607    
      183007812.5000000          13474665713.97607    
      183398437.5000000          13474665713.97607    
      183789062.5000000          13474665713.97607    
      184179687.5000000          13474665713.97607    
      184570312.5000000          13474665713.97607    
      184960937.5000000          13474665713.97607    
      185351562.5000000          13474665713.97607    
      185742187.5000000          13474665713.97607    
      186132812.5000000          13474665713.97607    
      186523437.5000000          13474665713.97607    
      186914062.5000000          13474665713.97607    
      187304687.5000000          13474665713.97607    
      187695312.5000000          13474665713.97607    
      188085937.5000000          13474665713.97607    
      188476562.5000000          13474665713.97607    
      188867187.5000000          13474665713.97607    
      189257812.5000000          13474665713.97607    
      189648437.5000000          13474665713.97607    
      190039062.5000000          13474665713.97607    
      190429687.5000000          13474665713.97607    
      190820312.5000000          13474665713.97607    
      191210937.5000000          13474665713.97607    
      191601562.5000000          13474665713.97607    
      191992187.5000000          13474665713.97607    
      192382812.5000000          13474665713.97607    
      192773437.5000000          13474665713.97607    
      193164062.5000000          13474665713.97607    
      193554687.5000000          13474665713.97607    
      193945312.5000000          13474665713.97607    
      194335937.5000000          13474665713.97607    
      194726562.5000000          13474665713.97607    
      195117187.5000000          13474665713.97607    
      195507812.5000000          13474665713.97607    
      195898437.5000000          13474665713.97607    
      196289062.5000000          13474665713.97607    
      196679687.5000000          13474665713.97607    
      197070312.5000000          13474665713.97607    
      197460937.5000000          13474665713.97607    
      197851562.5000000          13474665713.97607    
      198242187.5000000          13474665713.97607    
      198632812.5000000          13474665713.97607    
      199023437.5000000          13474665713.97607    
      199414062.5000000          13474665713.97607    
      199804687.5000000          13474665713.97607    
      200195312.5000000          13474665713.97607    
      200585937.5000000          13474665713.97607    
      200976562.5000000          13474665713.97607    
      201367187.5000000          13474665713.97607    
      201757812.5000000          13474665713.97607    
      202148437.5000000          13474665713.97607    
      202539062.5000000          13474665713.97607    
      202929687.5000000          13474665713.97607    
      203320312.5000000          13474665713.97607    
      203710937.5000000          13474665713.97607    
      204101562.5000000          13474665713.97607    
      204492187.5000000          13474665713.97607    
      204882812.5000000          13474665713.97607    
      205273437.5000000          13474665713.97607    
      205664062.5000000          13474665713.97607    
      206054687.5000000          13474665713.97607    
      206445312.5000000          13474665713.97607    
      206835937.5000000          13474665713.97607    
      207226562.5000000          13474665713.97607    
      207617187.5000000          13474665713.97607    
      208007812.5000000          13474665713.97607    
      208398437.5000000          13474665713.97607    
      208789062.5000000          13474665713.97607    
      209179687.5000000          13474665713.97607    
      209570312.5000000          13474665713.97607    
      209960937.5000000          13474665713.97607    
      210351562.5000000          13474665713.97607    
      210742187.5000000          13474665713.97607    
      211132812.5000000          13474665713.97607    
      211523437.5000000          13474665713.97607    
      211914062.5000000          13474665713.97607    
      212304687.5000000          13474665713.97607    
      212695312.5000000          13474665713.97607    
      213085937.5000000          13474665713.97607    
      213476562.5000000          13474665713.97607    
      213867187.5000000          13474665713.97607    
      214257812.5000000          13474665713.97607    
      214648437.5000000          13474665713.97607    
      215039062.5000000          13474665713.97607    
      215429687.5000000          13474665713.97607    
      215820312.5000000          13474665713.97607    
      216210937.5000000          13474665713.97607    
      216601562.5000000          13474665713.97607    
      216992187.5000000          13474665713.97607    
      217382812.5000000          13474665713.97607    
      217773437.5000000          13474665713.97607    
      218164062.5000000          13474665713.97607    
      218554687.5000000          13474665713.97607    
      218945312.5000000          13474665713.97607    
      219335937.5000000          13474665713.97607    
      219726562.5000000          13474665713.97607    
      220117187.5000000          13474665713.97607    
      220507812.5000000          13474665713.97607    
      220898437.5000000          13474665713.97607    
      221289062.5000000          13474665713.97607    
      221679687.5000000          13474665713.97607    
      222070312.5000000          13474665713.97607    
      222460937.5000000          13474665713.97607    
      222851562.5000000          13474665713.97607    
      223242187.5000000          13474665713.97607    
      223632812.5000000          13474665713.97607    
      224023437.5000000          13474665713.97607    
      224414062.5000000          13474665713.97607    
      224804687.5000000          13474665713.97607    
      225195312.5000000          13474665713.97607    
      225585937.5000000          13474665713.97607    
      225976562.5000000          13474665713.97607    
      226367187.5000000          13474665713.97607    
      226757812.5000000          13474665713.97607    
      227148437.5000000          13474665713.97607    
      227539062.5000000          13474665713.97607    
      227929687.5000000          13474665713.97607    
      228320312.5000000          13474665713.97607    
      228710937.5000000          13474665713.97607    
      229101562.5000000          13474665713.97607    
      229492187.5000000          13474665713.97607    
      229882812.5000000          13474665713.97607    
      230273437.5000000          13474665713.97607    
      230664062.5000000          13474665713.97607    
      231054687.5000000          13474665713.97607    
      231445312.5000000          13474665713.97607    
      231835937.5000000          13474665713.97607    
      232226562.5000000          13474665713.97607    
      232617187.5000000          13474665713.97607    
      233007812.5000000          13474665713.97607    
      233398437.5000000          13474665713.97607    
      233789062.5000000          13474665713.97607    
      234179687.5000000          13474665713.97607    
      234570312.5000000          13474665713.97607    
      234960937.5000000          13474665713.97607    
      235351562.5000000          13474665713.97607    
      235742187.5000000          13474665713.97607    
      236132812.5000000          13474665713.97607    
      236523437.5000000          13474665713.97607    
      236914062.5000000          13474665713.97607    
      237304687.5000000          13474665713.97607    
      237695312.5000000          13474665713.97607    
      238085937.5000000          13474665713.97607    
      238476562.5000000          13474665713.97607    
      238867187.5000000          13474665713.97607    
      239257812.5000000          13474665713.97607    
      239648437.5000000          13474665713.97607    
      240039062.5000000          13474665713.97607    
      240429687.5000000          13474665713.97607    
      240820312.5000000          13474665713.97607    
      241210937.5000000          13474665713.97607    
      241601562.5000000          13474665713.97607    
      241992187.5000000          13474665713.97607    
      242382812.5000000          13474665713.97607    
      242773437.5000000          13474665713.97607    
      243164062.5000000          13474665713.97607    
      243554687.5000000          13474665713.97607    
      243945312.5000000          13474665713.97607    
      244335937.5000000          13474665713.97607    
      244726562.5000000          13474665713.97607    
      245117187.5000000          13474665713.97607    
      245507812.5000000          13474665713.97607    
      245898437.5000000          13474665713.97607    
      246289062.5000000          13474665713.97607    
      246679687.5000000          13474665713.97607    
      247070312.5000000          13474665713.97607    
      247460937.5000000          13474665713.97607    
      247851562.5000000          13474665713.97607    
      248242187.5000000          13474665713.97607    
      248632812.5000000          13474665713.97607    
      249023437.5000000          13474665713.97607    
      249414062.5000000          13474665713.97607    
      249804687.5000000          13474665713.97607    
      250195312.5000000          13474665713.97607    
      250585937.5000000          13474665713.97607    
      250976562.5000000          13474665713.97607    
      251367187.5000000          13474665713.97607    
      251757812.5000000          13474665713.97607    
      252148437.5000000          13474665713.97607    
      252539062.5000000          13474665713.97607    
      252929687.5000000          13474665713.97607    
      253320312.5000000          13474665713.97607    
      253710937.5000000          13474665713.97607    
      254101562.5000000          13474665713.97607    
      254492187.5000000          13474665713.97607    
      254882812.5000000          13474665713.97607    
      255273437.5000000          13474665713.97607    
      255664062.5000000          13474665713.97607    
      256054687.5000000          13474665713.97607    
      256445312.5000000          13474665713.97607    
      256835937.5000000          13474665713.97607    
      257226562.5000000          13474665713.97607    
      257617187.5000000          13474665713.97607    
      258007812.5000000          13474665713.97607    
      258398437.5000000          13474665713.97607    
      258789062.5000000          13474665713.97607    
      259179687.5000000          13474665713.97607    
      259570312.5000000          13474665713.97607    
      259960937.5000000          13474665713.97607    
      260351562.5000000          13474665713.97607    
      260742187.5000000          13474665713.97607    
      261132812.5000000          13474665713.97607    
      261523437.5000000          13474665713.97607    
      261914062.5000000          13474665713.97607    
      262304687.5000000          13474665713.97607    
      262695312.5000000          13474665713.97607    
      263085937.5000000          13474665713.97607    
      263476562.5000000          13474665713.97607    
      263867187.5000000          13474665713.97607    
      264257812.5000000          13474665713.97607    
      264648437.5000000          13474665713.97607    
      265039062.5000000          13474665713.97607    
      265429687.5000000          13474665713.97607    
      265820312.5000000          13474665713.97607    
      266210937.5000000          13474665713.97607    
      266601562.5000000          13474665713.97607    
      266992187.5000000          13474665713.97607    
      267382812.5000000          13474665713.97607    
      267773437.5000000          13474665713.97607    
      268164062.5000000          13474665713.97607    
      268554687.5000000          13474665713.97607    
      268945312.5000000          13474665713.97607    
      269335937.5000000          13474665713.97607    
      269726562.5000000          13474665713.97607    
      270117187.5000000          13474665713.97607    
      270507812.5000000          13474665713.97607    
      270898437.5000000          13474665713.97607    
      271289062.5000000          13474665713.97607    
      271679687.5000000          13474665713.97607    
      272070312.5000000          13474665713.97607    
      272460937.5000000          13474665713.97607    
      272851562.5000000          13474665713.97607    
      273242187.5000000          13474665713.97607    
      273632812.5000000          13474665713.97607    
      274023437.5000000          13474665713.97607    
      274414062.5000000          13474665713.97607    
      274804687.5000000          13474665713.97607    
      275195312.5000000          13474665713.97607    
      275585937.5000000          13474665713.97607    
      275976562.5000000          13474665713.97607    
      276367187.5000000          13474665713.97607    
      276757812.5000000          13474665713.97607    
      277148437.5000000          13474665713.97607    
      277539062.5000000          13474665713.97607    
      277929687.5000000          13474665713.97607    
      278320312.5000000          13474665713.97607    
      278710937.5000000          13474665713.97607    
      279101562.5000000          13474665713.97607    
      279492187.5000000          13474665713.97607    
      279882812.5000000          13474665713.97607    
      280273437.5000000          13474665713.97607    
      280664062.5000000          13474665713.97607    
      281054687.5000000          13474665713.97607    
      281445312.5000000          13474665713.97607    
      281835937.5000000          13474665713.97607    
      282226562.5000000          13474665713.97607    
      282617187.5000000          13474665713.97607    
      283007812.5000000          13474665713.97607    
      283398437.5000000          13474665713.97607    
      283789062.5000000          13474665713.97607    
      284179687.5000000          13474665713.97607    
      284570312.5000000          13474665713.97607    
      284960937.5000000          13474665713.97607    
      285351562.5000000          13474665713.97607    
      285742187.5000000          13474665713.97607    
      286132812.5000000          13474665713.97607    
      286523437.5000000          13474665713.97607    
      286914062.5000000          13474665713.97607    
      287304687.5000000          13474665713.97607    
      287695312.5000000          13474665713.97607    
      288085937.5000000          13474665713.97607    
      288476562.5000000          13474665713.97607    
      288867187.5000000          13474665713.97607    
      289257812.5000000          13474665713.97607    
      289648437.5000000          13474665713.97607    
      290039062.5000000          13474665713.97607    
      290429687.5000000          13474665713.97607    
      290820312.5000000          13474665713.97607    
      291210937.5000000          13474665713.97607    
      291601562.5000000          13474665713.97607    
      291992187.5000000          13474665713.97607    
      292382812.5000000          13474665713.97607    
      292773437.5000000          13474665713.97607    
      293164062.5000000          13474665713.97607    
      293554687.5000000          13474665713.97607    
      293945312.5000000          13474665713.97607    
      294335937.5000000          13474665713.97607    
      294726562.5000000          13474665713.97607    
      295117187.5000000          13474665713.97607    
      295507812.5000000          13474665713.97607    
      295898437.5000000          13474665713.97607    
      296289062.5000000          13474665713.97607    
      296679687.5000000          13474665713.97607    
      297070312.5000000          13474665713.97607    
      297460937.5000000          13474665713.97607    
      297851562.5000000          13474665713.97607    
      298242187.5000000          13474665713.97607    
      298632812.5000000          13474665713.97607    
      299023437.5000000          13474665713.97607    
      299414062.5000000          13474665713.97607    
      299804687.5000000          13474665713.97607    
      300195312.5000000          13474665713.97607    
      300585937.5000000          13474665713.97607    
      300976562.5000000          13474665713.97607    
      301367187.5000000          13474665713.97607    
      301757812.5000000          13474665713.97607    
      302148437.5000000          13474665713.97607    
      302539062.5000000          13474665713.97607    
      302929687.5000000          13474665713.97607    
      303320312.5000000          13474665713.97607    
      303710937.5000000          13474665713.97607    
      304101562.5000000          13474665713.97607    
      304492187.5000000          13474665713.97607    
      304882812.5000000          13474665713.97607    
      305273437.5000000          13474665713.97607    
      305664062.5000000          13474665713.97607    
      306054687.5000000          13474665713.97607    
      306445312.5000000          13474665713.97607    
      306835937.5000000          13474665713.97607    
      307226562.5000000          13474665713.97607    
      307617187.5000000          13474665713.97607    
      308007812.5000000          13474665713.97607    
      308398437.5000000          13474665713.97607    
      308789062.5000000          13474665713.97607    
      309179687.5000000          13474665713.97607    
      309570312.5000000          13474665713.97607    
      309960937.5000000          13474665713.97607    
      310351562.5000000          13474665713.97607    
      310742187.5000000          13474665713.97607    
      311132812.5000000          13474665713.97607    
      311523437.5000000          13474665713.97607    
      311914062.5000000          13474665713.97607    
      312304687.5000000          13474665713.97607    
      312695312.5000000          13474665713.97607    
      313085937.5000000          13474665713.97607    
      313476562.5000000          13474665713.97607    
      313867187.5000000          13474665713.97607    
      314257812.5000000          13474665713.97607    
      314648437.5000000          13474665713.97607    
      315039062.5000000          13474665713.97607    
      315429687.5000000          13474665713.97607    
      315820312.5000000          13474665713.97607    
      316210937.5000000          13474665713.97607    
      316601562.5000000          13474665713.97607    
      316992187.5000000          13474665713.97607    
      317382812.5000000          13474665713.97607    
      317773437.5000000          13474665713.97607    
      318164062.5000000          13474665713.97607    
      318554687.5000000          13474665713.97607    
      318945312.5000000          13474665713.97607    
      319335937.5000000          13474665713.97607    
      319726562.5000000          13474665713.97607    
      320117187.5000000          13474665713.97607    
      320507812.5000000          13474665713.97607    
      320898437.5000000          13474665713.97607    
      321289062.5000000          13474665713.97607    
      321679687.5000000          13474665713.97607    
      322070312.5000000          13474665713.97607    
      322460937.5000000          13474665713.97607    
      322851562.5000000          13474665713.97607    
      323242187.5000000          13474665713.97607    
      323632812.5000000          13474665713.97607    
      324023437.5000000          13474665713.97607    
      324414062.5000000          13474665713.97607    
      324804687.5000000          13474665713.97607    
      325195312.5000000          13474665713.97607    
      325585937.5000000          13474665713.97607    
      325976562.5000000          13474665713.97607    
      326367187.5000000          13474665713.97607    
      326757812.5000000          13474665713.97607    
      327148437.5000000          13474665713.97607    
      327539062.5000000          13474665713.97607    
      327929687.5000000          13474665713.97607    
      328320312.5000000          13474665713.97607    
      328710937.5000000          13474665713.97607    
      329101562.5000000          13474665713.97607    
      329492187.5000000          13474665713.97607    
      329882812.5000000          13474665713.97607    
      330273437.5000000          13474665713.97607    
      330664062.5000000          13474665713.97607    
      331054687.5000000          13474665713.97607    
      331445312.5000000          13474665713.97607    
      331835937.5000000          13474665713.97607    
      332226562.5000000          13474665713.97607    
      332617187.5000000          13474665713.97607    
      333007812.5000000          13474665713.97607    
      333398437.5000000          13474665713.97607    
      333789062.5000000          13474665713.97607    
      334179687.5000000          13474665713.97607    
      334570312.5000000          13474665713.97607    
      334960937.5000000          13474665713.97607    
      335351562.5000000          13474665713.97607    
      335742187.5000000          13474665713.97607    
      336132812.5000000          13474665713.97607    
      336523437.5000000          13474665713.97607    
      336914062.5000000          13474665713.97607    
      337304687.5000000          13474665713.97607    
      337695312.5000000          13474665713.97607    
      338085937.5000000          13474665713.97607    
      338476562.5000000          13474665713.97607    
      338867187.5000000          13474665713.97607    
      339257812.5000000          13474665713.97607    
      339648437.5000000          13474665713.97607    
      340039062.5000000          13474665713.97607    
      340429687.5000000          13474665713.97607    
      340820312.5000000          13474665713.97607    
      341210937.5000000          13474665713.97607    
      341601562.5000000          13474665713.97607    
      341992187.5000000          13474665713.97607    
      342382812.5000000          13474665713.97607    
      342773437.5000000          13474665713.97607    
      343164062.5000000          13474665713.97607    
      343554687.5000000          13474665713.97607    
      343945312.5000000          13474665713.97607    
      344335937.5000000          13474665713.97607    
      344726562.5000000          13474665713.97607    
      345117187.5000000          13474665713.97607    
      345507812.5000000          13474665713.97607    
      345898437.5000000          13474665713.97607    
      346289062.5000000          13474665713.97607    
      346679687.5000000          13474665713.97607    
      347070312.5000000          13474665713.97607    
      347460937.5000000          13474665713.97607    
      347851562.5000000          13474665713.97607    
      348242187.5000000          13474665713.97607    
      348632812.5000000          13474665713.97607    
      349023437.5000000          13474665713.97607    
      349414062.5000000          13474665713.97607    
      349804687.5000000          13474665713.97607    
      350195312.5000000          13474665713.97607    
      350585937.5000000          13474665713.97607    
      350976562.5000000          13474665713.97607    
      351367187.5000000          13474665713.97607    
      351757812.5000000          13474665713.97607    
      352148437.5000000          13474665713.97607    
      352539062.5000000          13474665713.97607    
      352929687.5000000          13474665713.97607    
      353320312.5000000          13474665713.97607    
      353710937.5000000          13474665713.97607    
      354101562.5000000          13474665713.97607    
      354492187.5000000          13474665713.97607    
      354882812.5000000          13474665713.97607    
      355273437.5000000          13474665713.97607    
      355664062.5000000          13474665713.97607    
      356054687.5000000          13474665713.97607    
      356445312.5000000          13474665713.97607    
      356835937.5000000          13474665713.97607    
      357226562.5000000          13474665713.97607    
      357617187.5000000          13474665713.97607    
      358007812.5000000          13474665713.97607    
      358398437.5000000          13474665713.97607    
      358789062.5000000          13474665713.97607    
      359179687.5000000          13474665713.97607    
      359570312.5000000          13474665713.97607    
      359960937.5000000          13474665713.97607    
      360351562.5000000          13474665713.97607    
      360742187.5000000          13474665713.97607    
      361132812.5000000          13474665713.97607    
      361523437.5000000          13474665713.97607    
      361914062.5000000          13474665713.97607    
      362304687.5000000          13474665713.97607    
      362695312.5000000          13474665713.97607    
      363085937.5000000          13474665713.97607    
      363476562.5000000          13474665713.97607    
      363867187.5000000          13474665713.97607    
      364257812.5000000          13474665713.97607    
      364648437.5000000          13474665713.97607    
      365039062.5000000          13474665713.97607    
      365429687.5000000          13474665713.97607    
      365820312.5000000          13474665713.97607    
      366210937.5000000          13474665713.97607    
      366601562.5000000          13474665713.97607    
      366992187.5000000          13474665713.97607    
      367382812.5000000          13474665713.97607    
      367773437.5000000          13474665713.97607    
      368164062.5000000          13474665713.97607    
      368554687.5000000          13474665713.97607    
      368945312.5000000          13474665713.97607    
      369335937.5000000          13474665713.97607    
      369726562.5000000          13474665713.97607    
      370117187.5000000          13474665713.97607    
      370507812.5000000          13474665713.97607    
      370898437.5000000          13474665713.97607    
      371289062.5000000          13474665713.97607    
      371679687.5000000          13474665713.97607    
      372070312.5000000          13474665713.97607    
      372460937.5000000          13474665713.97607    
      372851562.5000000          13474665713.97607    
      373242187.5000000          13474665713.97607    
      373632812.5000000          13474665713.97607    
      374023437.5000000          13474665713.97607    
      374414062.5000000          13474665713.97607    
      374804687.5000000          13474665713.97607    
      375195312.5000000          13474665713.97607    
      375585937.5000000          13474665713.97607    
      375976562.5000000          13474665713.97607    
      376367187.5000000          13474665713.97607    
      376757812.5000000          13474665713.97607    
      377148437.5000000          13474665713.97607    
      377539062.5000000          13474665713.97607    
      377929687.5000000          13474665713.97607    
      378320312.5000000          13474665713.97607    
      378710937.5000000          13474665713.97607    
      379101562.5000000          13474665713.97607    
      379492187.5000000          13474665713.97607    
      379882812.5000000          13474665713.97607    
      380273437.5000000          13474665713.97607    
      380664062.5000000          13474665713.97607    
      381054687.5000000          13474665713.97607    
      381445312.5000000          13474665713.97607    
      381835937.5000000          13474665713.97607    
      382226562.5000000          13474665713.97607    
      382617187.5000000          13474665713.97607    
      383007812.5000000          13474665713.97607    
      383398437.5000000          13474665713.97607    
      383789062.5000000          13474665713.97607    
      384179687.5000000          13474665713.97607    
      384570312.5000000          13474665713.97607    
      384960937.5000000          13474665713.97607    
      385351562.5000000          13474665713.97607    
      385742187.5000000          13474665713.97607    
      386132812.5000000          13474665713.97607    
      386523437.5000000          13474665713.97607    
      386914062.5000000          13474665713.97607    
      387304687.5000000          13474665713.97607    
      387695312.5000000          13474665713.97607    
      388085937.5000000          13474665713.97607    
      388476562.5000000          13474665713.97607    
      388867187.5000000          13474665713.97607    
      389257812.5000000          13474665713.97607    
      389648437.5000000          13474665713.97607    
      390039062.5000000          13474665713.97607    
      390429687.5000000          13474665713.97607    
      390820312.5000000          13474665713.97607    
      391210937.5000000          13474665713.97607    
      391601562.5000000          13474665713.97607    
      391992187.5000000          13474665713.97607    
      392382812.5000000          13474665713.97607    
      392773437.5000000          13474665713.97607    
      393164062.5000000          13474665713.97607    
      393554687.5000000          13474665713.97607    
      393945312.5000000          13474665713.97607    
      394335937.5000000          13474665713.97607    
      394726562.5000000          13474665713.97607    
      395117187.5000000          13474665713.97607    
      395507812.5000000          13474665713.97607    
      395898437.5000000          13474665713.97607    
      396289062.5000000          13474665713.97607    
      396679687.5000000          13474665713.97607    
      397070312.5000000          13474665713.97607    
      397460937.5000000          13474665713.97607    
      397851562.5000000          13474665713.97607    
      398242187.5000000          13474665713.97607    
      398632812.5000000          13474665713.97607    
      399023437.5000000          13474665713.97607    
      399414062.5000000          13474665713.97607    
      399804687.5000000          13474665713.97607    
      400195312.5000000          13474665713.97607    
      400585937.5000000          13474665713.97607    
      400976562.5000000          13474665713.97607    
      401367187.5000000          13474665713.97607    
      401757812.5000000          13474665713.97607    
      402148437.5000000          13474665713.97607    
      402539062.5000000          13474665713.97607    
      402929687.5000000          13474665713.97607    
      403320312.5000000          13474665713.97607    
      403710937.5000000          13474665713.97607    
      404101562.5000000          13474665713.97607    
      404492187.5000000          13474665713.97607    
      404882812.5000000          13474665713.97607    
      405273437.5000000          13474665713.97607    
      405664062.5000000          13474665713.97607    
      406054687.5000000          13474665713.97607    
      406445312.5000000          13474665713.97607    
      406835937.5000000          13474665713.97607    
      407226562.5000000          13474665713.97607    
      407617187.5000000          13474665713.97607    
      408007812.5000000          13474665713.97607    
      408398437.5000000          13474665713.97607    
      408789062.5000000          13474665713.97607    
      409179687.5000000          13474665713.97607    
      409570312.5000000          13474665713.97607    
      409960937.5000000          13474665713.97607    
      410351562.5000000          13474665713.97607    
      410742187.5000000          13474665713.97607    
      411132812.5000000          13474665713.97607    
      411523437.5000000          13474665713.97607    
      411914062.5000000          13474665713.97607    
      412304687.5000000          13474665713.97607    
      412695312.5000000          13474665713.97607    
      413085937.5000000          13474665713.97607    
      413476562.5000000          13474665713.97607    
      413867187.5000000          13474665713.97607    
      414257812.5000000          13474665713.97607    
      414648437.5000000          13474665713.97607    
      415039062.5000000          13474665713.97607    
      415429687.5000000          13474665713.97607    
      415820312.5000000          13474665713.97607    
      416210937.5000000          13474665713.97607    
      416601562.5000000          13474665713.97607    
      416992187.5000000          13474665713.97607    
      417382812.5000000          13474665713.97607    
      417773437.5000000          13474665713.97607    
      418164062.5000000          13474665713.97607    
      418554687.5000000          13474665713.97607    
      418945312.5000000          13474665713.97607    
      419335937.5000000          13474665713.97607    
      419726562.5000000          13474665713.97607    
      420117187.5000000          13474665713.97607    
      420507812.5000000          13474665713.97607    
      420898437.5000000          13474665713.97607    
      421289062.5000000          13474665713.97607    
      421679687.5000000          13474665713.97607    
      422070312.5000000          13474665713.97607    
      422460937.5000000          13474665713.97607    
      422851562.5000000          13474665713.97607    
      423242187.5000000          13474665713.97607    
      423632812.5000000          13474665713.97607    
      424023437.5000000          13474665713.97607    
      424414062.5000000          13474665713.97607    
      424804687.5000000          13474665713.97607    
      425195312.5000000          13474665713.97607    
      425585937.5000000          13474665713.97607    
      425976562.5000000          13474665713.97607    
      426367187.5000000          13474665713.97607    
      426757812.5000000          13474665713.97607    
      427148437.5000000          13474665713.97607    
      427539062.5000000          13474665713.97607    
      427929687.5000000          13474665713.97607    
      428320312.5000000          13474665713.97607    
      428710937.5000000          13474665713.97607    
      429101562.5000000          13474665713.97607    
      429492187.5000000          13474665713.97607    
      429882812.5000000          13474665713.97607    
      430273437.5000000          13474665713.97607    
      430664062.5000000          13474665713.97607    
      431054687.5000000          13474665713.97607    
      431445312.5000000          13474665713.97607    
      431835937.5000000          13474665713.97607    
      432226562.5000000          13474665713.97607    
      432617187.5000000          13474665713.97607    
      433007812.5000000          13474665713.97607    
      433398437.5000000          13474665713.97607    
      433789062.5000000          13474665713.97607    
      434179687.5000000          13474665713.97607    
      434570312.5000000          13474665713.97607    
      434960937.5000000          13474665713.97607    
      435351562.5000000          13474665713.97607    
      435742187.5000000          13474665713.97607    
      436132812.5000000          13474665713.97607    
      436523437.5000000          13474665713.97607    
      436914062.5000000          13474665713.97607    
      437304687.5000000          13474665713.97607    
      437695312.5000000          13474665713.97607    
      438085937.5000000          13474665713.97607    
      438476562.5000000          13474665713.97607    
      438867187.5000000          13474665713.97607    
      439257812.5000000          13474665713.97607    
      439648437.5000000          13474665713.97607    
      440039062.5000000          13474665713.97607    
      440429687.5000000          13474665713.97607    
      440820312.5000000          13474665713.97607    
      441210937.5000000          13474665713.97607    
      441601562.5000000          13474665713.97607    
      441992187.5000000          13474665713.97607    
      442382812.5000000          13474665713.97607    
      442773437.5000000          13474665713.97607    
      443164062.5000000          13474665713.97607    
      443554687.5000000          13474665713.97607    
      443945312.5000000          13474665713.97607    
      444335937.5000000          13474665713.97607    
      444726562.5000000          13474665713.97607    
      445117187.5000000          13474665713.97607    
      445507812.5000000          13474665713.97607    
      445898437.5000000          13474665713.97607    
      446289062.5000000          13474665713.97607    
      446679687.5000000          13474665713.97607    
      447070312.5000000          13474665713.97607    
      447460937.5000000          13474665713.97607    
      447851562.5000000          13474665713.97607    
      448242187.5000000          13474665713.97607    
      448632812.5000000          13474665713.97607    
      449023437.5000000          13474665713.97607    
      449414062.5000000          13474665713.97607    
      449804687.5000000          13474665713.97607    
      450195312.5000000          13474665713.97607    
      450585937.5000000          13474665713.97607    
      450976562.5000000          13474665713.97607    
      451367187.5000000          13474665713.97607    
      451757812.5000000          13474665713.97607    
      452148437.5000000          13474665713.97607    
      452539062.5000000          13474665713.97607    
      452929687.5000000          13474665713.97607    
      453320312.5000000          13474665713.97607    
      453710937.5000000          13474665713.97607    
      454101562.5000000          13474665713.97607    
      454492187.5000000          13474665713.97607    
      454882812.5000000          13474665713.97607    
      455273437.5000000          13474665713.97607    
      455664062.5000000          13474665713.97607    
      456054687.5000000          13474665713.97607    
      456445312.5000000          13474665713.97607    
      456835937.5000000          13474665713.97607    
      457226562.5000000          13474665713.97607    
      457617187.5000000          13474665713.97607    
      458007812.5000000          13474665713.97607    
      458398437.5000000          13474665713.97607    
      458789062.5000000          13474665713.97607    
      459179687.5000000          13474665713.97607    
      459570312.5000000          13474665713.97607    
      459960937.5000000          13474665713.97607    
      460351562.5000000          13474665713.97607    
      460742187.5000000          13474665713.97607    
      461132812.5000000          13474665713.97607    
      461523437.5000000          13474665713.97607    
      461914062.5000000          13474665713.97607    
      462304687.5000000          13474665713.97607    
      462695312.5000000          13474665713.97607    
      463085937.5000000          13474665713.97607    
      463476562.5000000          13474665713.97607    
      463867187.5000000          13474665713.97607    
      464257812.5000000          13474665713.97607    
      464648437.5000000          13474665713.97607    
      465039062.5000000          13474665713.97607    
      465429687.5000000          13474665713.97607    
      465820312.5000000          13474665713.97607    
      466210937.5000000          13474665713.97607    
      466601562.5000000          13474665713.97607    
      466992187.5000000          13474665713.97607    
      467382812.5000000          13474665713.97607    
      467773437.5000000          13474665713.97607    
      468164062.5000000          13474665713.97607    
      468554687.5000000          13474665713.97607    
      468945312.5000000          13474665713.97607    
      469335937.5000000          13474665713.97607    
      469726562.5000000          13474665713.97607    
      470117187.5000000          13474665713.97607    
      470507812.5000000          13474665713.97607    
      470898437.5000000          13474665713.97607    
      471289062.5000000          13474665713.97607    
      471679687.5000000          13474665713.97607    
      472070312.5000000          13474665713.97607    
      472460937.5000000          13474665713.97607    
      472851562.5000000          13474665713.97607    
      473242187.5000000          13474665713.97607    
      473632812.5000000          13474665713.97607    
      474023437.5000000          13474665713.97607    
      474414062.5000000          13474665713.97607    
      474804687.5000000          13474665713.97607    
      475195312.5000000          13474665713.97607    
      475585937.5000000          13474665713.97607    
      475976562.5000000          13474665713.97607    
      476367187.5000000          13474665713.97607    
      476757812.5000000          13474665713.97607    
      477148437.5000000          13474665713.97607    
      477539062.5000000          13474665713.97607    
      477929687.5000000          13474665713.97607    
      478320312.5000000          13474665713.97607    
      478710937.5000000          13474665713.97607    
      479101562.5000000          13474665713.97607    
      479492187.5000000          13474665713.97607    
      479882812.5000000          13474665713.97607    
      480273437.5000000          13474665713.97607    
      480664062.5000000          13474665713.97607    
      481054687.5000000          13474665713.97607    
      481445312.5000000          13474665713.97607    
      481835937.5000000          13474665713.97607    
      482226562.5000000          13474665713.97607    
      482617187.5000000          13474665713.97607    
      483007812.5000000          13474665713.97607    
      483398437.5000000          13474665713.97607    
      483789062.5000000          13474665713.97607    
      484179687.5000000          13474665713.97607    
      484570312.5000000          13474665713.97607    
      484960937.5000000          13474665713.97607    
      485351562.5000000          13474665713.97607    
      485742187.5000000          13474665713.97607    
      486132812.5000000          13474665713.97607    
      486523437.5000000          13474665713.97607    
      486914062.5000000          13474665713.97607    
      487304687.5000000          13474665713.97607    
      487695312.5000000          13474665713.97607    
      488085937.5000000          13474665713.97607    
      488476562.5000000          13474665713.97607    
      488867187.5000000          13474665713.97607    
      489257812.5000000          13474665713.97607    
      489648437.5000000          13474665713.97607    
      490039062.5000000          13474665713.97607    
      490429687.5000000          13474665713.97607    
      490820312.5000000          13474665713.97607    
      491210937.5000000          13474665713.97607    
      491601562.5000000          13474665713.97607    
      491992187.5000000          13474665713.97607    
      492382812.5000000          13474665713.97607    
      492773437.5000000          13474665713.97607    
      493164062.5000000          13474665713.97607    
      493554687.5000000          13474665713.97607    
      493945312.5000000          13474665713.97607    
      494335937.5000000          13474665713.97607    
      494726562.5000000          13474665713.97607    
      495117187.5000000          13474665713.97607    
      495507812.5000000          13474665713.97607    
      495898437.5000000          13474665713.97607    
      496289062.5000000          13474665713.97607    
      496679687.5000000          13474665713.97607    
      497070312.5000000          13474665713.97607    
      497460937.5000000          13474665713.97607    
      497851562.5000000          13474665713.97607    
      498242187.5000000          13474665713.97607    
      498632812.5000000          13474665713.97607    
      499023437.5000000          13474665713.97607    
      499414062.5000000          13474665713.97607    
      499804687.5000000          13474665713.97607    
